t000003 2020 03 30
t000004 2020 03 30
t000005 2020 03 30
t000006 2020 03 29
t000011 2020 03 30
t000015 2020 03 29
t000018 2020 03 30
t000027 2020 03 30
t000031 2020 03 30
t000037 2020 03 30
t000050 2020 03 30
t000053 2020 03 30
t000065 2020 03 30
t000067 2020 03 30
t000070 2020 03 30
t000071 2020 03 30
t000074 2020 03 30
t000081 2020 03 30
t000083 2020 03 30
t000086 2020 03 30
t000087 2020 03 14
t000096 2020 03 30
t000099 2020 03 30
t000103 2020 03 30
t000105 2020 03 30
t000110 2020 03 30
t000114 2020 03 30
t000117 2020 03 30
t000118 2020 03 30
t000123 2020 03 30
t000124 2020 03 30
t000126 2020 03 29
t000139 2020 03 30
t000143 2020 03 30
t000153 2020 04 29
t000156 2020 04 29
t000157 2020 04 29
t000160 2020 04 29
t000178 2020 04 29
t000181 2020 04 29
t000189 2020 04 29
t000192 2020 04 29
t000195 2020 04 29
t000216 2020 05 30
t000220 2020 05 30
t000224 2020 05 30
t000226 2020 05 30
t000242 2020 05 30
t000243 2020 05 30
t000244 2020 05 30
t000245 2020 05 30
t000251 2020 05 30
t000257 2020 05 30
t000266 2020 05 30
t000271 2020 05 30
t000272 2020 05 30
t000278 2020 05 30
t000287 2020 06 29
t000288 2020 06 29
t000292 2020 06 29
t000295 2020 06 29
t000296 2020 06 29
t000299 2020 06 29
t000303 2020 06 29
t000304 2020 06 29
t000308 2020 06 29
t000320 2020 06 29
t000322 2020 06 29
t000325 2020 06 29
t000327 2020 06 29
t000329 2020 06 29
t000330 2020 06 29
t000332 2020 06 29
t000335 2020 06 29
t000336 2020 06 29
t000337 2020 06 29
t000343 2020 06 29
t000346 2020 06 29
t000347 2020 06 29
t000351 2020 06 29
t000353 2020 06 29
t000355 2020 06 29
t000358 2020 06 29
t000365 2020 06 29
t000370 2020 06 29
t000375 2020 06 29
t000377 2020 06 29
t000379 2020 06 29
t000383 2020 07 30
t000386 2020 07 30
t000387 2020 07 30
t000388 2020 07 30
t000389 2020 07 30
t000394 2020 07 29
t000396 2020 07 30
t000397 2020 07 30
t000398 2020 07 30
t000401 2020 07 30
t000402 2020 07 30
t000412 2020 07 30
t000413 2020 07 30
t000419 2020 07 30
t000420 2020 07 30
t000422 2020 07 30
t000424 2020 07 30
t000426 2020 07 30
t000427 2020 07 30
t000429 2020 07 30
t000432 2020 07 30
t000433 2020 07 30
t000434 2020 07 30
t000435 2020 07 30
t000438 2020 07 30
t000439 2020 07 30
t000441 2020 07 30
t000445 2020 07 30
t000446 2020 07 30
t000448 2020 07 30
t000449 2020 07 30
t000450 2020 07 30
t000452 2020 07 30
t000455 2020 07 30
t000457 2020 07 30
t000462 2020 07 30
t000465 2020 07 30
t000469 2020 07 30
t000470 2020 07 30
t000471 2020 07 30
t000473 2020 07 30
t000475 2020 07 30
t000476 2020 07 30
t000477 2020 07 30
t000479 2020 07 30
t000480 2020 07 30
t000481 2020 07 30
t000484 2020 07 30
t000485 2020 07 30
t000486 2020 07 30
t000487 2020 07 30
t000489 2020 07 30
t000490 2020 07 30
t000491 2020 07 30
t000492 2020 07 30
t000494 2020 07 30
t000495 2020 07 30
t000496 2020 07 30
t000497 2020 07 30
t000498 2020 07 25
t000499 2020 07 30
t000500 2020 07 30
t000501 2020 07 30
t000502 2020 07 30
t000503 2020 07 30
t000504 2020 07 30
t000505 2020 07 29
t000506 2020 07 30
t000507 2020 07 30
t000508 2020 07 30
t000510 2020 07 30
t000511 2020 07 30
t000512 2020 07 29
t000513 2020 07 30
t000516 2020 07 30
t000519 2020 07 30
t000521 2020 07 30
t000522 2020 07 30
t000524 2020 07 30
t000526 2020 07 30
t000529 2020 07 30
t000534 2020 07 30
t000535 2020 07 30
t000536 2020 07 30
t000537 2020 07 30
t000538 2020 07 30
t000539 2020 07 30
t000540 2020 07 30
t000541 2020 07 30
t000542 2020 07 30
t000544 2020 07 30
t000550 2020 07 30
t000553 2020 07 30
t000555 2020 07 30
t000556 2020 07 30
t000557 2020 07 30
t000559 2020 07 30
t000561 2020 07 30
t000562 2020 07 30
t000564 2020 07 30
t000565 2020 07 30
t000567 2020 07 30
t000568 2020 07 30
t000569 2020 07 30
t000570 2020 07 28
t000571 2020 07 30
t000572 2020 07 30
t000574 2020 07 30
t000575 2020 07 30
t000577 2020 07 30
t000578 2020 07 30
t000582 2020 07 30
t000584 2020 07 30
t000585 2020 07 30
t000588 2020 07 30
t000590 2020 07 30
t000591 2020 07 30
t000592 2020 07 30
t000595 2020 07 30
t000596 2020 07 30
t000598 2020 07 30
t000600 2020 07 30
t000603 2020 08 30
t000604 2020 08 30
t000605 2020 08 30
t000606 2020 08 30
t000607 2020 08 30
t000608 2020 08 30
t000611 2020 08 30
t000612 2020 08 30
t000614 2020 08 30
t000615 2020 08 30
t000616 2020 08 28
t000617 2020 08 30
t000618 2020 08 30
t000619 2020 08 30
t000620 2020 08 23
t000621 2020 08 30
t000622 2020 08 30
t000623 2020 08 30
t000624 2020 08 30
t000625 2020 08 30
t000626 2020 08 30
t000628 2020 08 30
t000629 2020 08 30
t000631 2020 08 30
t000632 2020 08 30
t000633 2020 08 30
t000637 2020 08 30
t000638 2020 08 30
t000639 2020 08 30
t000640 2020 08 30
t000642 2020 08 30
t000643 2020 08 30
t000644 2020 08 30
t000647 2020 08 30
t000649 2020 08 30
t000650 2020 08 30
t000651 2020 08 30
t000652 2020 08 30
t000653 2020 08 30
t000654 2020 08 30
t000656 2020 08 30
t000658 2020 08 30
t000659 2020 08 30
t000660 2020 08 30
t000666 2020 08 30
t000667 2020 08 30
t000668 2020 08 30
t000669 2020 08 30
t000676 2020 08 30
t000679 2020 08 30
t000680 2020 08 30
t000681 2020 08 30
t000682 2020 08 30
t000683 2020 08 30
t000689 2020 08 30
t000690 2020 08 30
t000692 2020 08 30
t000694 2020 08 30
t000695 2020 09 29
t000696 2020 09 29
t000698 2020 09 29
t000701 2020 09 29
t000702 2020 09 28
t000703 2020 09 29
t000708 2020 09 29
t000710 2020 09 29
t000711 2020 09 29
t000712 2020 09 29
t000718 2020 09 29
t000721 2020 09 29
t000723 2020 09 23
t000724 2020 09 29
t000725 2020 09 29
t000726 2020 09 29
t000727 2020 09 29
t000728 2020 09 29
t000729 2020 09 29
t000731 2020 09 29
t000733 2020 09 29
t000737 2020 09 29
t000738 2020 09 28
t000739 2020 09 22
t000740 2020 09 29
t000741 2020 09 29
t000742 2020 09 29
t000743 2020 09 28
t000745 2020 09 29
t000747 2020 09 29
t000751 2020 09 29
t000752 2020 09 29
t000755 2020 09 29
t000756 2020 09 29
t000757 2020 09 29
t000762 2020 09 29
t000763 2020 09 28
t000764 2020 09 29
t000765 2020 09 28
t000766 2020 09 29
t000767 2020 10 30
t000768 2020 10 30
t000769 2020 10 30
t000770 2020 10 30
t000771 2020 10 30
t000772 2020 10 29
t000773 2020 10 30
t000774 2020 10 30
t000776 2020 10 30
t000779 2020 10 30
t000780 2020 10 30
t000781 2020 10 30
t000782 2020 10 30
t000784 2020 10 30
t000785 2020 10 30
t000790 2020 10 30
t000791 2020 10 30
t000792 2020 10 30
t000794 2020 10 30
t000797 2020 10 30
t000798 2020 10 30
t000799 2020 10 30
t000801 2020 10 30
t000802 2020 10 30
t000803 2020 10 30
t000804 2020 10 30
t000805 2020 10 30
t000806 2020 10 30
t000808 2020 10 30
t000810 2020 10 30
t000812 2020 10 30
t000813 2020 10 29
t000814 2020 10 30
t000817 2020 10 30
t000820 2020 10 30
t000821 2020 10 30
t000823 2020 10 30
t000825 2020 10 30
t000826 2020 10 30
t000829 2020 10 30
t000830 2020 10 30
t000836 2020 10 30
t000837 2020 10 30
t000839 2020 10 30
t000841 2020 10 30
t000844 2020 10 30
t000848 2020 10 30
t000849 2020 10 30
t000853 2020 10 30
t000855 2020 10 30
t000861 2020 10 30
t000862 2020 10 30
t000865 2020 10 30
t000866 2020 10 30
t000867 2020 10 30
t000868 2020 10 30
t000869 2020 10 30
t000870 2020 10 30
t000871 2020 10 30
t000872 2020 10 30
t000873 2020 10 30
t000874 2020 10 30
t000875 2020 10 29
t000876 2020 10 30
t000877 2020 10 30
t000878 2020 10 30
t000879 2020 10 30
t000881 2020 10 30
t000882 2020 10 30
t000883 2020 10 30
t000884 2020 10 30
t000885 2020 10 30
t000886 2020 10 30
t000887 2020 10 30
t000888 2020 10 30
t000889 2020 10 30
t000890 2020 10 30
t000891 2020 10 30
t000892 2020 10 30
t000893 2020 10 30
t000894 2020 10 30
t000896 2020 10 30
t000898 2020 10 30
t000899 2020 10 30
t000902 2020 10 30
t000905 2020 10 30
t000906 2020 10 30
t000907 2020 10 30
t000908 2020 10 30
t000909 2020 10 30
t000911 2020 10 30
t000912 2020 10 30
t000913 2020 10 30
t000914 2020 10 30
t000916 2020 10 30
t000918 2020 10 30
t000919 2020 10 30
t000922 2020 10 30
t000924 2020 10 30
t000925 2020 10 30
t000926 2020 10 30
t000927 2020 10 30
t000928 2020 10 30
t000929 2020 10 30
t000930 2020 10 30
t000932 2020 10 30
t000934 2020 10 30
t000936 2020 10 30
t000939 2020 10 28
t000943 2020 10 30
t000944 2020 10 30
t000946 2020 10 30
t000948 2020 10 30
t000949 2020 10 30
t000950 2020 10 30
t000951 2020 10 30
t000952 2020 10 30
t000953 2020 10 30
t000954 2020 10 30
t000955 2020 10 30
t000959 2020 10 28
t000961 2020 10 30
t000962 2020 10 30
t000963 2020 10 30
t000965 2020 10 30
t000969 2020 10 30
t000970 2020 10 30
t000971 2020 10 30
t000972 2020 10 30
t000973 2020 10 30
t000974 2020 10 28
t000976 2020 10 30
t000980 2020 10 30
t000981 2020 10 29
t000982 2020 10 30
t000985 2020 10 30
t000987 2020 10 30
t000991 2020 10 30
t000993 2020 10 30
t000994 2020 10 30
t000996 2020 10 30
t001001 2020 10 30
t001002 2020 10 30
t001006 2020 10 30
t001009 2020 10 30
t001010 2020 10 30
t001011 2020 10 30
t001012 2020 10 30
t001013 2020 10 30
t001017 2020 10 30
t001018 2020 10 30
t001023 2020 10 30
t001025 2020 10 30
t001028 2020 10 30
t001029 2020 10 30
t001030 2020 10 30
t001031 2020 10 30
t001036 2020 10 30
t001037 2020 10 30
t001038 2020 10 29
t001042 2020 10 30
t001044 2020 10 30
t001045 2020 10 30
t001050 2020 10 30
t001051 2020 10 30
t001055 2020 10 30
t001066 2020 10 30
t001067 2020 10 30
t001073 2020 10 30
t001075 2020 10 30
t001079 2020 10 30
t001081 2020 10 30
t001083 2020 10 30
t001084 2020 10 30
t001086 2020 10 30
t001087 2020 10 30
t001090 2020 10 30
t001091 2020 10 29
t001093 2020 10 30
t001094 2020 10 30
t001096 2020 10 30
t001098 2020 10 30
t001099 2020 10 30
t001100 2020 10 30
t001101 2020 10 30
t001103 2020 10 30
t001107 2020 10 30
t001108 2020 10 30
t001109 2020 10 30
t001110 2020 10 30
t001111 2020 10 27
t001113 2020 10 30
t001114 2020 10 30
t001117 2020 10 30
t001119 2020 10 30
t001121 2020 10 29
t001123 2020 10 30
t001124 2020 10 30
t001125 2020 10 30
t001127 2020 10 30
t001129 2020 10 30
t001131 2020 10 30
t001132 2020 10 30
t001134 2020 10 30
t001136 2020 10 30
t001137 2020 10 30
t001139 2020 10 30
t001140 2020 10 30
t001144 2020 10 30
t001145 2020 10 30
t001146 2020 10 30
t001148 2020 10 30
t001150 2020 10 30
t001151 2020 10 30
t001152 2020 10 30
t001153 2020 10 29
t001155 2020 10 30
t001156 2020 10 30
t001158 2020 10 30
t001159 2020 10 30
t001161 2020 10 30
t001163 2020 10 30
t001164 2020 10 30
t001165 2020 10 30
t001166 2020 10 30
t001167 2020 10 29
t001169 2020 10 30
t001170 2020 10 30
t001171 2020 10 30
t001173 2020 10 30
t001174 2020 10 30
t001175 2020 10 30
t001179 2020 10 30
t001180 2020 10 30
t001181 2020 10 30
t001182 2020 10 30
t001183 2020 10 30
t001187 2020 10 30
t001188 2020 10 30
t001189 2020 10 30
t001190 2020 10 26
t001193 2020 10 30
t001198 2020 10 30
t001199 2020 10 30
t001201 2020 10 30
t001202 2020 10 30
t001206 2020 10 23
t001208 2020 10 30
t001212 2020 10 30
t001214 2020 10 30
t001218 2020 10 30
t001222 2020 10 30
t001223 2020 10 30
t001226 2020 10 30
t001227 2020 10 30
t001228 2020 10 30
t001229 2020 10 30
t001236 2020 10 30
t001237 2020 10 30
t001239 2020 10 30
t001241 2020 10 30
t001242 2020 10 30
t001243 2020 10 30
t001245 2020 10 30
t001246 2020 10 30
t001247 2020 10 30
t001249 2020 10 30
t001251 2020 10 30
t001256 2020 10 30
t001258 2020 10 30
t001262 2020 10 30
t001272 2020 10 30
t001275 2020 10 30
t001276 2020 10 30
t001277 2020 10 30
t001279 2020 11 29
t001280 2020 11 29
t001285 2020 11 29
t001286 2020 11 29
t001288 2020 11 29
t001295 2020 11 29
t001296 2020 11 29
t001299 2020 11 29
t001300 2020 11 29
t001301 2020 11 29
t001302 2020 11 29
t001305 2020 11 29
t001307 2020 11 29
t001309 2020 11 29
t001310 2020 11 29
t001313 2020 11 26
t001316 2020 11 29
t001318 2020 11 29
t001319 2020 11 29
t001320 2020 11 27
t001321 2020 11 29
t001322 2020 11 29
t001325 2020 11 29
t001326 2020 11 29
t001332 2020 11 29
t001334 2020 11 29
t001335 2020 11 29
t001336 2020 11 29
t001340 2020 11 29
t001344 2020 11 29
t001346 2020 11 29
t001348 2020 11 29
t001351 2020 11 29
t001354 2020 11 29
t001356 2020 11 29
t001359 2020 11 26
t001368 2020 11 29
t001370 2020 11 29
t001372 2020 11 29
t001374 2020 11 29
t001377 2020 11 29
t001380 2020 11 29
t001382 2020 11 29
t001388 2020 11 27
t001389 2020 11 29
t001392 2020 11 29
t001395 2020 11 29
t001397 2020 11 29
t001398 2020 11 29
t001399 2020 11 29
t001400 2020 11 27
t001401 2020 11 29
t001402 2020 11 29
t001404 2020 11 27
t001405 2020 11 29
t001406 2020 11 29
t001407 2020 11 29
t001408 2020 11 29
t001411 2020 11 29
t001412 2020 11 29
t001413 2020 11 29
t001419 2020 11 29
t001421 2020 11 29
t001427 2020 11 27
t001428 2020 11 29
t001429 2020 11 29
t001430 2020 11 29
t001431 2020 11 29
t001432 2020 11 27
t001435 2020 11 29
t001436 2020 11 29
t001437 2020 11 29
t001439 2020 11 29
t001440 2020 10 23
t001442 2020 11 29
t001444 2020 11 28
t001445 2020 11 29
t001447 2020 11 29
t001448 2020 11 29
t001450 2020 11 29
t001451 2020 11 29
t001452 2020 11 29
t001456 2020 12 30
t001460 2020 12 30
t001462 2020 12 30
t001463 2020 12 30
t001465 2020 12 30
t001468 2020 12 30
t001470 2020 12 30
t001472 2020 12 30
t001481 2020 12 30
t001487 2020 12 30
t001489 2020 12 30
t001491 2020 12 30
t001492 2020 12 30
t001493 2020 12 30
t001495 2020 12 30
t001496 2020 12 30
t001502 2020 12 30
t001503 2020 12 30
t001508 2020 12 30
t001509 2020 12 30
t001513 2020 12 30
t001515 2020 12 30
t001523 2020 12 30
t001524 2020 12 30
t001525 2020 12 30
t001526 2020 12 30
t001529 2020 12 30
t001530 2020 12 30
t001534 2020 12 29
t001547 2020 12 30
t001548 2020 12 30
t001549 2020 12 30
t001551 2020 12 30
t001552 2020 12 30
t001553 2020 12 30
t001554 2020 12 30
t001555 2020 12 30
t001556 2020 12 30
t001560 2020 12 30
t001561 2020 12 30
t001566 2020 12 26
t001571 2020 12 30
t001574 2020 12 30
t001579 2020 12 30
t001580 2020 12 28
t001584 2020 12 30
t001587 2020 12 30
t001591 2020 12 30
t001592 2020 12 30
t001593 2020 12 29
t001595 2020 12 30
t001596 2020 12 30
t001597 2020 12 30
t001600 2020 12 30
t001602 2020 12 30
t001605 2020 12 30
t001609 2020 12 30
t001617 2020 12 30
t001619 2020 12 30
t001620 2020 12 08
t001630 2020 12 30
t001632 2020 12 21
t001640 2021 01 30
t001642 2021 01 30
t001644 2021 01 30
t001645 2021 01 30
t001651 2021 01 30
t001658 2021 01 29
t001661 2021 01 30
t001664 2021 01 30
t001666 2021 01 30
t001683 2021 01 30
t001700 2021 01 30
t001701 2021 01 30
t001702 2021 01 30
t001713 2021 01 30
t001719 2021 01 30
t001720 2021 01 30
t001723 2021 01 30
t001726 2021 01 30
t001732 2021 01 30
t001733 2021 01 28
t001734 2021 01 30
t001736 2021 01 30
t001737 2021 01 30
t001741 2021 01 30
t001745 2021 01 30
t001747 2021 01 30
t001760 2021 01 30
t001762 2021 01 30
t001767 2021 02 27
t001768 2021 02 27
t001770 2021 02 27
t001773 2021 02 27
t001774 2021 02 27
t001775 2021 02 27
t001778 2021 02 27
t001785 2021 02 27
t001789 2021 02 27
t001790 2021 02 24
t001794 2021 02 27
t001796 2021 02 27
t001798 2021 02 27
t001799 2021 02 27
t001800 2021 02 27
t001801 2021 02 27
t001805 2021 02 27
t001806 2021 02 27
t001814 2021 02 27
t001817 2021 02 27
t001823 2021 02 27
t001833 2021 02 27
t001850 2021 02 27
t001852 2021 02 27
t001853 2021 02 27
t001856 2021 02 27
t001869 2021 02 27
t001870 2021 02 27
t001871 2021 02 27
t001872 2021 02 27
t001873 2021 02 26
t001874 2021 02 27
t001883 2021 02 27
t001885 2021 02 27
t001887 2021 02 27
t001888 2021 02 27
t001895 2021 02 26
t001897 2021 02 27
t001898 2021 02 27
t001899 2021 02 27
t001900 2021 02 27
t001901 2021 02 27
t001913 2021 02 27
t001915 2021 02 27
t001916 2021 02 27
t001917 2021 02 27
t001936 2021 02 27
t001937 2021 02 27
t001940 2021 02 27
t001941 2021 02 27
t001942 2021 02 27
t001945 2021 02 27
t001954 2021 02 27
t001970 2021 02 27
t001983 2021 03 30
t001989 2021 03 30
t002007 2021 03 30
t002009 2021 03 30
t002013 2021 03 30
t002014 2021 03 30
t002015 2021 03 30
t002017 2021 03 30
t002033 2021 03 17
t002035 2021 03 30
t002037 2021 03 30
t002041 2021 03 30
t002045 2021 03 30
t002064 2021 03 30
t002065 2021 03 30
t002073 2021 03 30
t002074 2021 03 30
t002092 2021 03 30
t002093 2021 03 30
t002100 2021 03 30
t002101 2021 03 30
t002106 2021 03 30
t002112 2021 03 30
t002120 2021 03 30
t002140 2021 04 29
t002144 2021 04 29
t002156 2021 04 29
t002160 2021 04 29
t002162 2021 04 29
t002167 2021 04 29
t002168 2021 04 29
t002180 2021 04 29
t002189 2021 04 29
t002190 2021 04 29
t002199 2021 04 29
t002212 2021 04 29
t002217 2021 04 29
t002229 2021 04 29
t002230 2021 04 29
t002231 2021 04 29
t002234 2021 04 29
t002242 2021 04 29
t002248 2021 04 29
t002250 2021 04 29
t002251 2021 04 29
t002255 2021 04 29
t002266 2021 04 28
t002270 2021 04 29
t002271 2021 04 29
t002275 2021 04 29
t002281 2021 04 29
t002310 2021 04 29
t002321 2021 04 29
t002324 2021 04 29
t002328 2021 04 29
t002329 2021 04 29
t002331 2021 04 29
t002337 2021 04 29
t002343 2021 04 29
t002351 2021 04 29
t002353 2021 04 29
t002365 2021 04 29
t002367 2021 04 29
t002372 2021 04 29
t002374 2021 04 29
t002379 2021 04 29
t002393 2021 05 30
t002402 2021 05 30
t002405 2021 05 30
t002406 2021 05 30
t002407 2021 05 30
t002409 2021 05 30
t002410 2021 05 30
t002412 2021 05 30
t002413 2021 05 30
t002419 2021 05 30
t002421 2021 05 30
t002422 2021 05 30
t002423 2021 05 30
t002424 2021 05 30
t002425 2021 05 30
t002426 2021 05 30
t002427 2021 05 30
t002429 2021 05 30
t002430 2021 05 30
t002433 2021 05 30
t002437 2021 05 30
t002442 2021 05 30
t002444 2021 05 30
t002446 2021 05 30
t002447 2021 05 30
t002450 2021 05 30
t002453 2021 05 30
t002454 2021 05 30
t002461 2021 05 30
t002462 2021 05 30
t002467 2021 05 30
t002472 2021 05 30
t002473 2021 05 30
t002479 2021 05 30
t002483 2021 05 30
t002489 2021 05 30
t002491 2021 05 30
t002492 2021 05 30
t002497 2021 05 30
t002499 2021 05 30
t002500 2021 05 30
t002507 2021 05 28
t002514 2021 05 30
t002517 2021 05 30
t002523 2021 05 30
t002527 2021 05 30
t002534 2021 05 30
t002536 2021 05 29
t002537 2021 05 30
t002539 2021 05 30
t002544 2021 05 30
t002545 2021 05 30
t002547 2021 05 30
t002550 2021 05 30
t002551 2021 05 30
t002552 2021 05 30
t002555 2021 05 30
t002557 2021 05 30
t002561 2021 05 30
t002562 2021 05 30
t002564 2021 05 30
t002569 2021 05 30
t002575 2021 05 30
t002588 2021 05 30
t002589 2021 05 30
t002597 2021 05 30
t002599 2021 05 30
t002601 2021 05 30
t002604 2021 05 30
t002606 2021 05 30
t002613 2021 05 30
t002618 2021 05 30
t002621 2021 05 30
t002622 2021 05 30
t002628 2021 05 30
t002630 2021 05 30
t002631 2021 05 30
t002634 2021 05 30
t002635 2021 05 30
t002636 2021 05 30
t002637 2021 05 30
t002640 2021 05 30
t002642 2021 05 30
t002646 2021 05 30
t002647 2021 05 27
t002650 2021 05 30
t002652 2021 05 30
t002660 2021 05 30
t002661 2021 05 30
t002663 2021 05 30
t002665 2021 05 30
t002671 2021 05 30
t002672 2021 05 30
t010015 2020 03 00
t010016 2020 03 00
t010017 2020 03 00
t010018 2020 03 00
t010021 2020 03 00
t010022 2020 03 00
t010024 2020 03 00
t010031 2020 04 00
t010032 2020 04 00
t010036 2020 04 00
t010037 2020 04 00
t010043 2020 05 00
t010045 2020 05 00
t010046 2020 05 00
t010050 2020 05 00
t010051 2020 05 00
t010052 2020 05 00
t010053 2020 05 00
t010054 2020 05 00
t010058 2020 06 00
t010059 2020 06 00
t010060 2020 06 00
t010061 2020 06 00
t010062 2020 06 00
t010065 2020 06 00
t010066 2020 06 00
t010069 2020 06 00
t010070 2020 06 00
t010071 2020 06 00
t010072 2020 06 00
t010074 2020 06 00
t010075 2020 06 00
t010076 2020 06 00
t010078 2020 06 00
t010079 2020 06 00
t010080 2020 06 00
t010083 2020 06 00
t010092 2020 06 00
t010094 2020 07 00
t010095 2020 07 00
t010097 2020 07 00
t010098 2020 07 00
t010099 2020 07 00
t010100 2020 07 00
t010102 2020 07 00
t010103 2020 07 00
t010105 2020 07 00
t010109 2020 07 00
t010110 2020 07 00
t010111 2020 07 00
t010112 2020 07 00
t010114 2020 07 00
t010115 2020 07 00
t010118 2020 07 00
t010127 2020 07 00
t010129 2020 07 00
t010130 2020 07 00
t010132 2020 07 00
t010133 2020 07 00
t010134 2020 07 00
t010135 2020 07 00
t010138 2020 07 00
t010142 2020 08 00
t010143 2020 08 00
t010145 2020 08 00
t010152 2020 08 00
t010153 2020 08 00
t010154 2020 08 00
t010156 2020 08 00
t010157 2020 08 00
t010161 2020 08 00
t010162 2020 08 00
t010163 2020 08 00
t010165 2020 08 00
t010166 2020 08 00
t010167 2020 08 00
t010168 2020 08 00
t010170 2020 08 00
t010171 2020 08 00
t010174 2020 08 00
t010175 2020 08 00
t010177 2020 08 00
t010180 2020 08 00
t010182 2020 08 00
t010183 2020 09 00
t010184 2020 09 00
t010185 2020 09 00
t010186 2020 09 00
t010187 2020 09 00
t010188 2020 09 00
t010189 2020 09 00
t010191 2020 09 00
t010193 2020 09 00
t010194 2020 09 00
t010196 2020 09 00
t010197 2020 09 00
t010199 2020 09 00
t010200 2020 09 00
t010201 2020 09 00
t010202 2020 09 00
t010204 2020 09 00
t010205 2020 09 00
t010206 2020 09 00
t010208 2020 09 00
t010210 2020 09 00
t010211 2020 09 00
t010214 2020 09 00
t010215 2020 09 00
t010216 2020 09 00
t010217 2020 09 00
t010218 2020 09 00
t010219 2020 09 00
t010223 2020 09 00
t010224 2020 09 00
t010227 2020 09 00
t010228 2020 09 00
t010229 2020 09 00
t010234 2020 10 00
t010235 2020 10 00
t010236 2020 10 00
t010237 2020 10 00
t010240 2020 10 00
t010241 2020 10 00
t010242 2020 10 00
t010243 2020 10 00
t010244 2020 10 00
t010245 2020 10 00
t010246 2020 10 00
t010247 2020 10 00
t010248 2020 10 00
t010249 2020 10 00
t010250 2020 10 00
t010252 2020 10 00
t010253 2020 10 00
t010254 2020 10 00
t010255 2020 10 00
t010259 2020 10 00
t010260 2020 10 00
t010261 2020 10 00
t010262 2020 10 00
t010263 2020 10 00
t010264 2020 10 00
t010265 2020 10 00
t010266 2020 10 00
t010267 2020 10 00
t010268 2020 10 00
t010269 2020 10 00
t010270 2020 10 00
t010274 2020 10 00
t010275 2020 10 00
t010276 2020 10 00
t010278 2020 10 00
t010281 2020 10 00
t010282 2020 10 00
t010283 2020 10 00
t010284 2020 10 00
t010285 2020 10 00
t010286 2020 10 00
t010288 2020 10 00
t010290 2020 10 00
t010291 2020 10 00
t010292 2020 10 00
t010293 2020 10 00
t010294 2020 10 00
t010295 2020 10 00
t010296 2020 10 00
t010297 2020 10 00
t010298 2020 10 00
t010299 2020 10 00
t010303 2020 10 00
t010305 2020 10 00
t010306 2020 10 00
t010308 2020 10 00
t010310 2020 10 00
t010311 2020 10 00
t010312 2020 10 00
t010313 2020 10 00
t010314 2020 10 00
t010316 2020 10 00
t010317 2020 10 00
t010318 2020 10 00
t010320 2020 10 00
t010322 2020 10 00
t010323 2020 10 00
t010326 2020 10 00
t010327 2020 10 00
t010330 2020 10 00
t010331 2020 10 00
t010333 2020 10 00
t010335 2020 10 00
t010337 2020 10 00
t010338 2020 10 00
t010339 2020 10 00
t010340 2020 10 00
t010344 2020 10 00
t010345 2020 10 00
t010346 2020 10 00
t010348 2020 10 00
t010349 2020 10 00
t010350 2020 10 00
t010351 2020 10 00
t010352 2020 10 00
t010353 2020 10 00
t010354 2020 10 00
t010356 2020 10 00
t010357 2020 10 00
t010359 2020 10 00
t010360 2020 10 00
t010362 2020 10 00
t010363 2020 10 00
t010364 2020 10 00
t010365 2020 10 00
t010366 2020 10 00
t010367 2020 10 00
t010369 2020 10 00
t010370 2020 10 00
t010372 2020 10 00
t010373 2020 10 00
t010374 2020 10 00
t010376 2020 10 00
t010377 2020 10 00
t010378 2020 10 00
t010379 2020 10 00
t010380 2020 10 00
t010382 2020 10 00
t010383 2020 10 00
t010384 2020 10 00
t010385 2020 10 00
t010386 2020 10 00
t010387 2020 10 00
t010388 2020 10 00
t010389 2020 10 00
t010390 2020 10 00
t010391 2020 10 00
t010392 2020 10 00
t010393 2020 10 00
t010398 2020 10 00
t010399 2020 10 00
t010401 2020 10 00
t010403 2020 10 00
t010405 2020 10 00
t010406 2020 10 00
t010408 2020 10 00
t010409 2020 10 00
t010410 2020 10 00
t010411 2020 10 00
t010413 2020 10 00
t010414 2020 10 00
t010415 2020 10 00
t010416 2020 10 00
t010417 2020 10 00
t010418 2020 10 00
t010419 2020 10 00
t010420 2020 10 00
t010421 2020 10 00
t010422 2020 10 00
t010423 2020 10 00
t010424 2020 10 00
t010425 2020 10 00
t010426 2020 10 00
t010430 2020 10 00
t010433 2020 10 00
t010434 2020 10 00
t010435 2020 10 00
t010436 2020 10 00
t010438 2020 10 00
t010439 2020 10 00
t010441 2020 10 00
t010442 2020 10 00
t010449 2020 10 00
t010450 2020 10 00
t010452 2020 10 00
t010453 2020 10 00
t010455 2020 10 00
t010456 2020 10 00
t010457 2020 10 00
t010458 2020 10 00
t010459 2020 10 00
t010466 2020 11 00
t010468 2020 11 00
t010469 2020 11 00
t010470 2020 11 00
t010472 2020 11 00
t010475 2020 11 00
t010477 2020 11 00
t010478 2020 11 00
t010480 2020 11 00
t010481 2020 11 00
t010484 2020 11 00
t010485 2020 11 00
t010486 2020 11 00
t010487 2020 11 00
t010488 2020 11 00
t010489 2020 11 00
t010490 2020 11 00
t010492 2020 11 00
t010493 2020 11 00
t010494 2020 11 00
t010495 2020 11 00
t010496 2020 11 00
t010497 2020 11 00
t010499 2020 11 00
t010501 2020 11 00
t010502 2020 11 00
t010503 2020 11 00
t010504 2020 11 00
t010505 2020 11 00
t010506 2020 11 00
t010507 2020 11 00
t010511 2020 11 00
t010513 2020 11 00
t010516 2020 11 00
t010520 2020 11 00
t010521 2020 11 00
t010522 2020 11 00
t010523 2020 11 00
t010525 2020 11 00
t010526 2020 11 00
t010527 2020 11 00
t010528 2020 11 00
t010529 2020 11 00
t010531 2020 11 00
t010533 2020 11 00
t010534 2020 11 00
t010535 2020 11 00
t010540 2020 11 00
t010542 2020 11 00
t010544 2020 11 00
t010548 2020 11 00
t010550 2020 11 00
t010551 2020 11 00
t010552 2020 11 00
t010556 2020 11 00
t010557 2020 11 00
t010561 2020 11 00
t010562 2020 11 00
t010564 2020 11 00
t010567 2020 11 00
t010569 2020 11 00
t010572 2020 11 00
t010575 2020 11 00
t010576 2020 11 00
t010577 2020 11 00
t010578 2020 11 00
t010579 2020 11 00
t010580 2020 11 00
t010581 2020 11 00
t010583 2020 11 00
t010584 2020 11 00
t010585 2020 11 00
t010589 2020 11 00
t010590 2020 11 00
t010591 2020 11 00
t010592 2020 11 00
t010593 2020 11 00
t010594 2020 11 00
t010596 2020 12 00
t010597 2020 12 00
t010599 2020 12 00
t010600 2020 12 00
t010601 2020 12 00
t010602 2020 12 00
t010603 2020 12 00
t010604 2020 12 00
t010606 2020 12 00
t010611 2020 12 00
t010612 2020 12 00
t010613 2020 12 00
t010615 2020 12 00
t010617 2020 12 00
t010618 2020 12 00
t010619 2020 12 00
t010621 2020 12 00
t010622 2020 12 00
t010623 2020 12 00
t010624 2020 12 00
t010626 2020 12 00
t010628 2020 12 00
t010629 2020 12 00
t010631 2020 12 00
t010632 2020 12 00
t010633 2020 12 00
t010635 2020 12 00
t010636 2020 12 00
t010637 2020 12 00
t010638 2020 12 00
t010639 2020 12 00
t010640 2020 12 00
t010643 2020 12 00
t010644 2020 12 00
t010647 2020 12 00
t010648 2020 12 00
t010651 2020 12 00
t010652 2020 12 00
t010653 2020 12 00
t010655 2020 12 00
t010663 2020 12 00
t010664 2020 12 00
t010665 2020 12 00
t010667 2020 12 00
t010669 2020 12 00
t010670 2020 12 00
t010671 2020 12 00
t010672 2020 12 00
t010674 2020 12 00
t010675 2020 12 00
t010676 2020 12 00
t010678 2020 12 00
t010679 2020 12 00
t010680 2020 12 00
t010682 2020 12 00
t010683 2020 12 00
t010684 2020 12 00
t010686 2020 12 00
t010689 2020 12 00
t010691 2020 12 00
t010694 2020 12 00
t010696 2020 12 00
t010699 2020 12 00
t010700 2020 12 00
t010701 2020 12 00
t010702 2020 12 00
t010703 2020 12 00
t010704 2020 12 00
t010705 2020 12 00
t010706 2020 12 00
t010708 2020 12 00
t010709 2020 12 00
t010710 2020 12 00
t010711 2020 12 00
t010712 2020 12 00
t010713 2020 12 00
t010714 2020 12 00
t010715 2020 12 00
t010716 2020 12 00
t010719 2020 12 00
t010721 2020 12 00
t010722 2020 12 00
t010725 2020 12 00
t010727 2020 12 00
t010729 2020 12 00
t010731 2020 12 00
t010732 2020 12 00
t010733 2020 12 00
t010734 2020 12 00
t010736 2020 12 00
t010737 2020 12 00
t010739 2020 12 00
t010740 2020 12 00
t010741 2020 12 00
t010742 2020 12 00
t010743 2020 12 00
t010744 2020 12 00
t010748 2020 12 00
t010750 2020 12 00
t010751 2020 12 00
t010753 2020 12 00
t010754 2020 12 00
t010755 2020 12 00
t010762 2020 12 00
t010764 2020 12 00
t010769 2020 12 00
t010773 2020 12 00
t010774 2020 12 00
t010775 2020 12 00
t010776 2020 12 00
t010778 2020 12 00
t010782 2020 12 00
t010783 2020 12 00
t010785 2020 12 00
t010786 2020 12 00
t010789 2020 12 00
t010791 2020 12 00
t010793 2020 12 00
t010797 2020 12 00
t010798 2020 12 00
t010799 2020 12 00
t010800 2020 12 00
t010805 2020 12 00
t010807 2020 12 00
t010808 2020 12 00
t010809 2020 12 00
t010811 2020 12 00
t010814 2020 12 00
t010816 2020 12 00
t010818 2020 12 00
t010820 2020 12 00
t010821 2020 12 00
t010823 2020 12 00
t010824 2020 12 00
t010825 2020 12 00
t010828 2020 12 00
t010830 2020 12 00
t010831 2020 12 00
t010834 2020 12 00
t010835 2020 12 00
t010836 2020 12 00
t010837 2020 12 00
t010838 2020 12 00
t010839 2020 12 00
t010840 2020 12 00
t010841 2020 12 00
t010842 2020 12 00
t010843 2020 12 00
t010844 2020 12 00
t010846 2020 12 00
t010847 2020 12 00
t010848 2020 12 00
t010849 2020 12 00
t010850 2020 12 00
t010851 2020 12 00
t010852 2020 12 00
t010853 2020 12 00
t010854 2020 12 00
t010856 2020 12 00
t010857 2020 12 00
t010858 2020 12 00
t010859 2020 12 00
t010860 2020 12 00
t010863 2020 12 00
t010864 2020 12 00
t010865 2020 12 00
t010866 2020 12 00
t010867 2020 12 00
t010868 2020 12 00
t010869 2020 12 00
t010870 2020 12 00
t010873 2020 12 00
t010875 2020 12 00
t010876 2020 12 00
t010878 2020 12 00
t010879 2020 12 00
t010880 2020 12 00
t010882 2020 12 00
t010883 2020 12 00
t010885 2020 12 00
t010886 2020 12 00
t010888 2020 12 00
t010889 2020 12 00
t010890 2020 12 00
t010891 2020 12 00
t010894 2020 12 00
t010895 2020 12 00
t010897 2020 12 00
t010899 2020 12 00
t010900 2020 12 00
t010901 2020 12 00
t010902 2020 12 00
t010904 2020 12 00
t010905 2020 12 00
t010906 2020 12 00
t010907 2020 12 00
t010908 2020 12 00
t010910 2020 12 00
t010911 2020 12 00
t010912 2020 12 00
t010914 2020 12 00
t010916 2020 12 00
t010917 2020 12 00
t010918 2020 12 00
t010919 2020 12 00
t010920 2020 12 00
t010921 2020 12 00
t010922 2020 12 00
t010923 2020 12 00
t010924 2020 12 00
t010925 2020 12 00
t010926 2020 12 00
t010927 2020 12 00
t010928 2020 12 00
t010929 2020 12 00
t010931 2020 12 00
t010932 2020 12 00
t010933 2020 12 00
t010934 2020 12 00
t010935 2020 12 00
t010936 2020 12 00
t010937 2020 12 00
t010938 2020 12 00
t010939 2020 12 00
t010942 2020 12 00
t010944 2020 12 00
t010945 2020 12 00
t010946 2020 12 00
t010947 2020 12 00
t010948 2020 12 00
t010949 2020 12 00
t010951 2020 12 00
t010953 2020 12 00
t010954 2020 12 00
t010955 2020 12 00
t010956 2020 12 00
t010957 2020 12 00
t010958 2020 12 00
t010959 2020 12 00
t010960 2020 12 00
t010962 2020 12 00
t010963 2020 12 00
t010967 2020 12 00
t010968 2020 12 00
t010970 2020 12 00
t010971 2020 12 00
t010972 2020 12 00
t010973 2020 12 00
t010974 2020 12 00
t010975 2020 12 00
t010976 2020 12 00
t010978 2020 12 00
t010979 2020 12 00
t010980 2020 12 00
t010981 2020 12 00
t010982 2020 12 00
t010983 2020 12 00
t010984 2020 12 00
t010985 2020 12 00
t010986 2020 12 00
t010987 2020 12 00
t010988 2020 12 00
t010989 2020 12 00
t010990 2020 12 00
t010991 2020 12 00
t010992 2020 12 00
t010993 2020 12 00
t010994 2020 12 00
t010999 2020 12 00
t011000 2020 12 00
t011001 2020 12 00
t011004 2020 12 00
t011005 2020 12 00
t011006 2020 12 00
t011007 2020 12 00
t011008 2020 12 00
t011009 2020 12 00
t011010 2020 12 00
t011012 2020 12 00
t011013 2020 12 00
t011014 2020 12 00
t011018 2020 12 00
t011019 2020 12 00
t011021 2020 12 00
t011022 2020 12 00
t011024 2020 12 00
t011026 2020 12 00
t011028 2020 12 00
t011029 2020 12 00
t011032 2020 12 00
t011033 2020 12 00
t011034 2020 12 00
t011035 2020 12 00
t011036 2020 12 00
t011037 2020 12 00
t011038 2020 12 00
t011039 2020 12 00
t011041 2020 12 00
t011042 2020 12 00
t011043 2020 12 00
t011044 2020 12 00
t011045 2020 12 00
t011046 2020 12 00
t011049 2020 12 00
t011050 2020 12 00
t011051 2020 12 00
t011053 2020 12 00
t011054 2020 12 00
t011055 2020 12 00
t011057 2020 12 00
t011059 2020 12 00
t011060 2020 12 00
t011062 2020 12 00
t011063 2020 12 00
t011064 2020 12 00
t011065 2020 12 00
t011068 2020 12 00
t011072 2021 01 00
t011074 2021 01 00
t011075 2021 01 00
t011076 2021 01 00
t011079 2021 01 00
t011081 2021 01 00
t011082 2021 01 00
t011083 2021 01 00
t011085 2021 01 00
t011086 2021 01 00
t011087 2021 01 00
t011088 2021 01 00
t011090 2021 01 00
t011094 2021 01 00
t011095 2021 01 00
t011096 2021 01 00
t011097 2021 01 00
t011098 2021 01 00
t011099 2021 01 00
t011100 2021 01 00
t011105 2021 01 00
t011108 2021 01 00
t011109 2021 01 00
t011110 2021 01 00
t011111 2021 01 00
t011112 2021 01 00
t011113 2021 01 00
t011114 2021 01 00
t011115 2021 01 00
t011116 2021 01 00
t011117 2021 01 00
t011118 2021 01 00
t011119 2021 01 00
t011120 2021 01 00
t011126 2021 01 00
t011128 2021 01 00
t011131 2021 01 00
t011135 2021 01 00
t011137 2021 01 00
t011138 2021 01 00
t011139 2021 01 00
t011140 2021 01 00
t011141 2021 01 00
t011142 2021 01 00
t011144 2021 01 00
t011146 2021 01 00
t011147 2021 01 00
t011148 2021 01 00
t011149 2021 01 00
t011150 2021 01 00
t011152 2021 01 00
t011155 2021 01 00
t011156 2021 01 00
t011157 2021 01 00
t011161 2021 01 00
t011163 2021 01 00
t011164 2021 01 00
t011171 2021 01 00
t011172 2021 01 00
t011174 2021 01 00
t011176 2021 01 00
t011178 2021 01 00
t011179 2021 01 00
t011180 2021 01 00
t011181 2021 01 00
t011182 2021 01 00
t011183 2021 01 00
t011186 2021 01 00
t011187 2021 01 00
t011189 2021 01 00
t011190 2021 01 00
t011193 2021 01 00
t011194 2021 01 00
t011195 2021 01 00
t011197 2021 01 00
t011199 2021 01 00
t011204 2021 01 00
t011205 2021 01 00
t011206 2021 01 00
t011207 2021 01 00
t011208 2021 01 00
t011212 2021 01 00
t011213 2021 01 00
t011214 2021 01 00
t011216 2021 01 00
t011217 2021 01 00
t011218 2021 01 00
t011219 2021 01 00
t011220 2021 01 00
t011222 2021 01 00
t011224 2021 01 00
t011225 2021 01 00
t011230 2021 01 00
t011231 2021 01 00
t011232 2021 01 00
t011233 2021 01 00
t011234 2021 01 00
t011235 2021 01 00
t011236 2021 01 00
t011237 2021 01 00
t011239 2021 01 00
t011240 2021 01 00
t011243 2021 01 00
t011244 2021 01 00
t011248 2021 01 00
t011249 2021 01 00
t011250 2021 01 00
t011251 2021 01 00
t011252 2021 01 00
t011253 2021 01 00
t011257 2021 01 00
t011258 2021 01 00
t011262 2021 01 00
t011264 2021 01 00
t011265 2021 01 00
t011267 2021 01 00
t011268 2021 01 00
t011269 2021 01 00
t011273 2021 01 00
t011274 2021 01 00
t011275 2021 01 00
t011276 2021 01 00
t011279 2021 01 00
t011280 2021 01 00
t011281 2021 01 00
t011282 2021 01 00
t011283 2021 01 00
t011285 2021 01 00
t011286 2021 01 00
t011287 2021 01 00
t011288 2021 01 00
t011289 2021 01 00
t011290 2021 01 00
t011291 2021 01 00
t011293 2021 01 00
t011300 2021 01 00
t011302 2021 01 00
t011304 2021 01 00
t011306 2021 01 00
t011308 2021 01 00
t011309 2021 01 00
t011310 2021 01 00
t011311 2021 01 00
t011313 2021 01 00
t011314 2021 01 00
t011315 2021 01 00
t011319 2021 01 00
t011322 2021 01 00
t011324 2021 01 00
t011325 2021 01 00
t011326 2021 01 00
t011327 2021 01 00
t011328 2021 01 00
t011329 2021 01 00
t011330 2021 01 00
t011333 2021 01 00
t011335 2021 01 00
t011341 2021 01 00
t011345 2021 01 00
t011346 2021 01 00
t011347 2021 01 00
t011348 2021 01 00
t011355 2021 01 00
t011356 2021 01 00
t011358 2021 01 00
t011359 2021 01 00
t011360 2021 01 00
t011363 2021 01 00
t011366 2021 01 00
t011367 2021 01 00
t011368 2021 01 00
t011369 2021 01 00
t011371 2021 01 00
t011372 2021 01 00
t011373 2021 01 00
t011374 2021 01 00
t011378 2021 01 00
t011379 2021 01 00
t011381 2021 01 00
t011391 2021 01 00
t011392 2021 01 00
t011393 2021 01 00
t011394 2021 01 00
t011395 2021 01 00
t011396 2021 01 00
t011397 2021 01 00
t011399 2021 01 00
t011400 2021 01 00
t011401 2021 01 00
t011402 2021 01 00
t011403 2021 01 00
t011404 2021 01 00
t011405 2021 01 00
t011406 2021 01 00
t011407 2021 01 00
t011408 2021 01 00
t011409 2021 01 00
t011410 2021 01 00
t011417 2021 01 00
t011418 2021 01 00
t011419 2021 01 00
t011423 2021 01 00
t011425 2021 01 00
t011429 2021 01 00
t011431 2021 01 00
t011432 2021 01 00
t011433 2021 01 00
t011435 2021 02 00
t011437 2021 02 00
t011440 2021 02 00
t011441 2021 02 00
t011448 2021 02 00
t011450 2021 02 00
t011451 2021 02 00
t011455 2021 02 00
t011456 2021 02 00
t011458 2021 02 00
t011459 2021 02 00
t011461 2021 02 00
t011463 2021 02 00
t011464 2021 02 00
t011465 2021 02 00
t011466 2021 02 00
t011468 2021 02 00
t011472 2021 02 00
t011473 2021 02 00
t011474 2021 02 00
t011476 2021 02 00
t011477 2021 02 00
t011478 2021 02 00
t011481 2021 02 00
t011482 2021 02 00
t011483 2021 02 00
t011484 2021 02 00
t011485 2021 02 00
t011486 2021 02 00
t011487 2021 02 00
t011489 2021 02 00
t011491 2021 02 00
t011493 2021 02 00
t011494 2021 02 00
t011495 2021 02 00
t011496 2021 02 00
t011498 2021 02 00
t011500 2021 02 00
t011501 2021 02 00
t011502 2021 02 00
t011503 2021 02 00
t011505 2021 02 00
t011507 2021 02 00
t011508 2021 02 00
t011510 2021 02 00
t011511 2021 02 00
t011512 2021 02 00
t011513 2021 02 00
t011514 2021 02 00
t011516 2021 02 00
t011518 2021 02 00
t011520 2021 02 00
t011522 2021 02 00
t011523 2021 02 00
t011524 2021 02 00
t011525 2021 02 00
t011527 2021 02 00
t011528 2021 02 00
t011531 2021 02 00
t011532 2021 02 00
t011534 2021 02 00
t011537 2021 02 00
t011539 2021 02 00
t011541 2021 02 00
t011542 2021 02 00
t011544 2021 02 00
t011545 2021 02 00
t011548 2021 02 00
t011549 2021 02 00
t011552 2021 02 00
t011553 2021 02 00
t011555 2021 02 00
t011556 2021 02 00
t011558 2021 02 00
t011559 2021 02 00
t011560 2021 02 00
t011563 2021 03 00
t011566 2021 03 00
t011567 2021 03 00
t011572 2021 03 00
t011573 2021 03 00
t011575 2021 03 00
t011576 2021 03 00
t011578 2021 03 00
t011580 2021 03 00
t011581 2021 03 00
t011584 2021 03 00
t011589 2021 03 00
t011594 2021 03 00
t011595 2021 03 00
t011601 2021 03 00
t011603 2021 03 00
t011604 2021 03 00
t011606 2021 03 00
t011610 2021 03 00
t011614 2021 03 00
t011618 2021 03 00
t011622 2021 03 00
t011623 2021 03 00
t011624 2021 03 00
t011626 2021 03 00
t011629 2021 03 00
t011631 2021 03 00
t011633 2021 03 00
t011634 2021 03 00
t011635 2021 03 00
t011636 2021 03 00
t011637 2021 03 00
t011639 2021 03 00
t011640 2021 03 00
t011641 2021 03 00
t011643 2021 03 00
t011644 2021 03 00
t011646 2021 03 00
t011647 2021 03 00
t011649 2021 03 00
t011650 2021 03 00
t011651 2021 03 00
t011652 2021 03 00
t011653 2021 03 00
t011656 2021 03 00
t011659 2021 03 00
t011661 2021 03 00
t011670 2021 03 00
t011671 2021 03 00
t011673 2021 03 00
t011677 2021 03 00
t011679 2021 03 00
t011680 2021 03 00
t011681 2021 03 00
t011682 2021 03 00
t011684 2021 03 00
t011685 2021 03 00
t011686 2021 03 00
t011687 2021 03 00
t011694 2021 03 00
t011699 2021 03 00
t011700 2021 03 00
t011701 2021 03 00
t011702 2021 03 00
t011703 2021 03 00
t011704 2021 03 00
t011705 2021 03 00
t011707 2021 03 00
t011708 2021 03 00
t011714 2021 03 00
t011717 2021 03 00
t011718 2021 03 00
t011719 2021 03 00
t011724 2021 03 00
t011725 2021 03 00
t011727 2021 03 00
t011728 2021 03 00
t011732 2021 03 00
t011734 2021 03 00
t011738 2021 03 00
t011746 2021 03 00
t011747 2021 03 00
t011750 2021 03 00
t011758 2021 04 00
t011763 2021 04 00
t011764 2021 04 00
t011765 2021 04 00
t011766 2021 04 00
t011769 2021 04 00
t011771 2021 04 00
t011772 2021 04 00
t011773 2021 04 00
t011774 2021 04 00
t011776 2021 04 00
t011777 2021 04 00
t011778 2021 04 00
t011779 2021 04 00
t011780 2021 04 00
t011781 2021 04 00
t011783 2021 04 00
t011784 2021 04 00
t011789 2021 04 00
t011790 2021 04 00
t011793 2021 04 00
t011794 2021 04 00
t011795 2021 04 00
t011797 2021 04 00
t011798 2021 04 00
t011799 2021 04 00
t011800 2021 04 00
t011801 2021 04 00
t011805 2021 04 00
t011807 2021 04 00
t011808 2021 04 00
t011812 2021 04 00
t011815 2021 04 00
t011816 2021 04 00
t011817 2021 04 00
t011820 2021 04 00
t011821 2021 04 00
t011822 2021 04 00
t011823 2021 04 00
t011824 2021 04 00
t011825 2021 04 00
t011826 2021 04 00
t011829 2021 04 00
t011830 2021 04 00
t011831 2021 04 00
t011832 2021 04 00
t011836 2021 04 00
t011837 2021 04 00
t011838 2021 04 00
t011839 2021 04 00
t011840 2021 04 00
t011841 2021 04 00
t011842 2021 04 00
t011843 2021 04 00
t011846 2021 04 00
t011847 2021 04 00
t011848 2021 04 00
t011851 2021 04 00
t011852 2021 04 00
t011853 2021 04 00
t011854 2021 04 00
t011855 2021 04 00
t011858 2021 04 00
t011859 2021 04 00
t011860 2021 04 00
t011862 2021 04 00
t011863 2021 04 00
t011864 2021 04 00
t011865 2021 04 00
t011867 2021 04 00
t011868 2021 04 00
t011874 2021 04 00
t011875 2021 04 00
t011876 2021 04 00
t011877 2021 04 00
t011879 2021 04 00
t011880 2021 04 00
t011881 2021 04 00
t011882 2021 04 00
t011883 2021 04 00
t011884 2021 04 00
t011887 2021 04 00
t011888 2021 04 00
t011889 2021 04 00
t011890 2021 04 00
t011892 2021 04 00
t011893 2021 04 00
t011894 2021 04 00
t011899 2021 04 00
t011903 2021 04 00
t011904 2021 04 00
t011905 2021 04 00
t011906 2021 04 00
t011907 2021 04 00
t011908 2021 04 00
t011915 2021 04 00
t011916 2021 04 00
t011917 2021 04 00
t011918 2021 04 00
t011919 2021 04 00
t011922 2021 04 00
t011923 2021 04 00
t011932 2021 04 00
t011934 2021 04 00
t011937 2021 04 00
t011942 2021 04 00
t011944 2021 04 00
t011947 2021 04 00
t011951 2021 04 00
t011953 2021 04 00
t011957 2021 04 00
t011959 2021 04 00
t011961 2021 04 00
t011962 2021 04 00
t011963 2021 04 00
t011964 2021 04 00
t011965 2021 04 00
t011966 2021 04 00
t011967 2021 04 00
t011969 2021 04 00
t011970 2021 04 00
t011972 2021 04 00
t011973 2021 04 00
t011974 2021 04 00
t011975 2021 04 00
t011978 2021 04 00
t011979 2021 04 00
t011980 2021 04 00
t011981 2021 04 00
t011983 2021 04 00
t011984 2021 04 00
t011985 2021 04 00
t011987 2021 04 00
t011988 2021 04 00
t011990 2021 04 00
t011992 2021 04 00
t011993 2021 04 00
t011995 2021 04 00
t011998 2021 04 00
t012002 2021 04 00
t012004 2021 04 00
t012005 2021 04 00
t012011 2021 04 00
t012015 2021 05 00
t012020 2021 05 00
t012031 2021 05 00
t012032 2021 05 00
t012033 2021 05 00
t012034 2021 05 00
t012037 2021 05 00
t012038 2021 05 00
t012039 2021 05 00
t012041 2021 05 00
t012044 2021 05 00
t012045 2021 05 00
t012046 2021 05 00
t012047 2021 05 00
t012048 2021 05 00
t012049 2021 05 00
t012050 2021 05 00
t012056 2021 05 00
t012057 2021 05 00
t012058 2021 05 00
t012059 2021 05 00
t012060 2021 05 00
t012061 2021 05 00
t012065 2021 05 00
t012066 2021 05 00
t012067 2021 05 00
t012074 2021 05 00
t012075 2021 05 00
t012076 2021 05 00
t012077 2021 05 00
t012078 2021 05 00
t012080 2021 05 00
t012082 2021 05 00
t012083 2021 05 00
t012084 2021 05 00
t012085 2021 05 00
t012086 2021 05 00
t012087 2021 05 00
t012088 2021 05 00
t012090 2021 05 00
t012091 2021 05 00
t012092 2021 05 00
t012094 2021 05 00
t012095 2021 05 00
t012096 2021 05 00
t012097 2021 05 00
t012098 2021 05 00
t012099 2021 05 00
t012100 2021 05 00
t012101 2021 05 00
t012106 2021 05 00
t012108 2021 05 00
t012115 2021 05 00
t012130 2021 05 00
t012135 2021 05 00
t012137 2021 05 00
t012140 2021 05 00
t012141 2021 05 00
t012143 2021 05 00
t012144 2021 05 00
t012147 2021 05 00
t012148 2021 05 00
t012149 2021 05 00
t012150 2021 05 00
t012152 2021 05 00
t012153 2021 05 00
t012154 2021 05 00
t012155 2021 05 00
t012156 2021 05 00
t012157 2021 05 00
t012159 2021 05 00
t012160 2021 05 00
t012166 2021 05 00
t012168 2021 05 00
t012169 2021 05 00
t012171 2021 05 00
t012172 2021 05 00
t012173 2021 05 00
t012176 2021 05 00
t012177 2021 05 00
t012179 2021 05 00
t012180 2021 05 00
t012181 2021 05 00
t012182 2021 05 00
t012183 2021 05 00
t012185 2021 05 00
t012186 2021 05 00
t012187 2021 05 00
t012188 2021 05 00
t012191 2021 05 00
t012192 2021 05 00
t012194 2021 05 00
t012195 2021 05 00
t012198 2021 05 00
t012201 2021 05 00
t012202 2021 05 00
t012204 2021 05 00
t012208 2021 05 00
t012210 2021 05 00
t012211 2021 05 00
t012212 2021 05 00
t012214 2021 05 00
t012215 2021 05 00
t012216 2021 05 00
t012218 2021 05 00
t012219 2021 05 00
t012220 2021 05 00
t012221 2021 05 00
t012222 2021 05 00
t012224 2021 05 00
t012225 2021 05 00
t012226 2021 05 00
t012229 2021 05 00
t012230 2021 05 00
t012239 2021 05 00
t012240 2021 05 00
t012241 2021 05 00
t012246 2021 05 00
t012247 2021 05 00
t012248 2021 05 00
t012249 2021 05 00
t012250 2021 06 00
t012251 2021 06 00
t012252 2021 06 00
t012253 2021 06 00
t012254 2021 06 00
t012256 2021 06 00
t012258 2021 06 00
t012260 2021 06 00
t012263 2021 06 00
t012265 2021 06 00
t012267 2021 06 00
t012268 2021 06 00
t012269 2021 06 00
t012270 2021 06 00
t012271 2021 06 00
t012272 2021 06 00
t012273 2021 06 00
t012275 2021 06 00
t012279 2021 06 00
t012280 2021 06 00
t012283 2021 06 00
t012284 2021 06 00
t012285 2021 06 00
t012286 2021 06 00
t012288 2021 06 00
t012291 2021 06 00
t012292 2021 06 00
t012293 2021 06 00
t012296 2021 06 00
t012302 2021 06 00
t012304 2021 06 00
t012306 2021 06 00
t012308 2021 06 00
t012312 2021 06 00
t012313 2021 06 00
t012314 2021 06 00
t012317 2021 06 00
t012318 2021 06 00
t012319 2021 06 00
t012322 2021 06 00
t012323 2021 06 00
t012324 2021 06 00
t012325 2021 06 00
t012326 2021 06 00
t012327 2021 06 00
t012328 2021 06 00
t012332 2021 06 00
t012334 2021 06 00
t012340 2021 06 00
t012341 2021 06 00
t012342 2021 06 00
t012344 2021 06 00
t012345 2021 06 00
t012346 2021 06 00
t012348 2021 06 00
t012349 2021 06 00
t012350 2021 06 00
t012351 2021 06 00
t012353 2021 06 00
t012354 2021 06 00
t012356 2021 06 00
t012357 2021 06 00
t012359 2021 06 00
t012360 2021 06 00
t012361 2021 06 00
t012362 2021 06 00
t012364 2021 06 00
t012365 2021 06 00
t012366 2021 06 00
t012368 2021 06 00
t012371 2021 06 00
t012372 2021 06 00
t012374 2021 06 00
t012376 2021 06 00
t012378 2021 06 00
t012379 2021 06 00
t012380 2021 06 00
t012381 2021 06 00
t012383 2021 06 00
t012386 2021 06 00
t012389 2021 06 00
t012390 2021 06 00
t012391 2021 06 00
t012393 2021 06 00
t012394 2021 06 00
t012395 2021 06 00
t012396 2021 06 00
t012398 2021 06 00
t012403 2021 06 00
t012404 2021 06 00
t012405 2021 06 00
t012408 2021 06 00
t012409 2021 06 00
t012410 2021 06 00
t012411 2021 06 00
t012412 2021 06 00
t012413 2021 06 00
t012414 2021 06 00
t012415 2021 06 00
t012421 2021 06 00
t012422 2021 06 00
t012424 2021 06 00
t012425 2021 06 00
t012426 2021 06 00
t012431 2021 06 00
t012432 2021 06 00
t012434 2021 06 00
t012435 2021 06 00
t012436 2021 06 00
t012437 2021 06 00
t012438 2021 06 00
t012440 2021 06 00
t012441 2021 06 00
t012444 2021 06 00
t012445 2021 06 00
t012446 2021 06 00
t012450 2021 06 00
t012451 2021 06 00
t012452 2021 06 00
t012454 2021 06 00
t012456 2021 06 00
t012457 2021 06 00
t012460 2021 06 00
t012468 2021 06 00
t012469 2021 06 00
t012471 2021 06 00
t012474 2021 06 00
t012476 2021 06 00
t012477 2021 06 00
t012478 2021 06 00
t012479 2021 06 00
t012480 2021 06 00
t012481 2021 06 00
t012483 2021 06 00
t012486 2021 06 00
t012488 2021 06 00
t012490 2021 06 00
t012493 2021 06 00
t012494 2021 06 00
t012495 2021 06 00
t012497 2021 06 00
t012501 2021 06 00
t012502 2021 06 00
t012508 2021 06 00
t012509 2021 06 00
t012510 2021 06 00
t012513 2021 06 00
t012514 2021 06 00
t012516 2021 06 00
t012517 2021 06 00
t012518 2021 06 00
t012523 2021 06 00
t012524 2021 06 00
t012525 2021 06 00
t012526 2021 06 00
t012530 2021 06 00
t012531 2021 06 00
t012537 2021 06 00
t012538 2021 06 00
t012540 2021 06 00
t012541 2021 06 00
t012542 2021 06 00
t012544 2021 06 00
t012546 2021 06 00
t012548 2021 06 00
t012549 2021 06 00
t012551 2021 06 00
t012554 2021 07 00
t012555 2021 07 00
t012557 2021 07 00
t012558 2021 07 00
t012560 2021 07 00
t012561 2021 07 00
t012563 2021 07 00
t012564 2021 07 00
t012565 2021 07 00
t012568 2021 07 00
t012570 2021 07 00
t012572 2021 07 00
t012575 2021 07 00
t012576 2021 07 00
t012577 2021 07 00
t012579 2021 07 00
t012580 2021 07 00
t012582 2021 07 00
t012583 2021 07 00
t012584 2021 07 00
t012585 2021 07 00
t012589 2021 07 00
t012591 2021 07 00
t012595 2021 07 00
t012596 2021 07 00
t012600 2021 07 00
t012601 2021 07 00
t012603 2021 07 00
t012605 2021 07 00
t012606 2021 07 00
t012609 2021 07 00
t012610 2021 07 00
t012611 2021 07 00
t012612 2021 07 00
t012613 2021 07 00
t012615 2021 07 00
t012616 2021 07 00
t012617 2021 07 00
t012620 2021 07 00
t012622 2021 07 00
t012625 2021 07 00
t012626 2021 07 00
t012627 2021 07 00
t012630 2021 07 00
t012634 2021 07 00
t012635 2021 07 00
t012636 2021 07 00
t012637 2021 07 00
t012643 2021 07 00
t012647 2021 07 00
t012648 2021 07 00
t012649 2021 07 00
t012650 2021 07 00
t012653 2021 07 00
t012654 2021 07 00
t012656 2021 07 00
t012657 2021 07 00
t012658 2021 07 00
t012659 2021 07 00
t012660 2021 07 00
t012661 2021 07 00
t012664 2021 07 00
t012667 2021 07 00
t012668 2021 07 00
t012669 2021 07 00
t012670 2021 07 00
t012671 2021 07 00
t012672 2021 07 00
t012673 2021 07 00
t012677 2021 07 00
t012679 2021 07 00
t012680 2021 07 00
t012683 2021 07 00
t012685 2021 07 00
t012686 2021 07 00
t012688 2021 07 00
t012689 2021 07 00
t012690 2021 07 00
t012691 2021 07 00
t012692 2021 07 00
t012696 2021 07 00
t012697 2021 07 00
t012700 2021 07 00
t012704 2021 07 00
t012705 2021 07 00
t012707 2021 07 00
t012708 2021 07 00
t012711 2021 07 00
t012712 2021 07 00
t012713 2021 07 00
t012715 2021 07 00
t012716 2021 07 00
t012718 2021 07 00
t012719 2021 07 00
t012720 2021 07 00
t012721 2021 07 00
t012722 2021 07 00
t012723 2021 07 00
t012724 2021 07 00
t012725 2021 07 00
t012727 2021 07 00
t012729 2021 07 00
t012735 2021 07 00
t012736 2021 07 00
t012737 2021 07 00
t012739 2021 07 00
t012740 2021 07 00
t012741 2021 07 00
t012742 2021 07 00
t012745 2021 07 00
t012748 2021 07 00
t012751 2021 07 00
t012752 2021 07 00
t012754 2021 07 00
t012755 2021 07 00
t012756 2021 07 00
t012757 2021 07 00
t012758 2021 07 00
t012760 2021 07 00
t012764 2021 07 00
t012765 2021 07 00
t012766 2021 07 00
t012768 2021 07 00
t012769 2021 07 00
t012771 2021 07 00
t012772 2021 07 00
t012773 2021 07 00
t012774 2021 07 00
t012776 2021 07 00
t012777 2021 07 00
t012778 2021 07 00
t012781 2021 07 00
t012783 2021 07 00
t012784 2021 07 00
t012788 2021 07 00
t012790 2021 07 00
t012791 2021 07 00
t012792 2021 07 00
t012793 2021 07 00
t012797 2021 07 00
t012798 2021 07 00
t012799 2021 07 00
t012801 2021 07 00
t012802 2021 07 00
t012803 2021 07 00
t012804 2021 07 00
t012805 2021 07 00
t012806 2021 07 00
t012808 2021 07 00
t012811 2021 07 00
t012812 2021 07 00
t012817 2021 08 00
t012818 2021 08 00
t012819 2021 08 00
t012821 2021 08 00
t012822 2021 08 00
t012823 2021 08 00
t012825 2021 08 00
t012826 2021 08 00
t012827 2021 08 00
t012828 2021 08 00
t012829 2021 08 00
t012830 2021 08 00
t012832 2021 08 00
t012834 2021 08 00
t012836 2021 08 00
t012837 2021 08 00
t012845 2021 08 00
t012847 2021 08 00
t012851 2021 08 00
t012852 2021 08 00
t012853 2021 08 00
t012854 2021 08 00
t012855 2021 08 00
t012856 2021 08 00
t012857 2021 08 00
t012858 2021 08 00
t012860 2021 08 00
t012861 2021 08 00
t012863 2021 08 00
t012868 2021 08 00
t012869 2021 08 00
t012871 2021 08 00
t012872 2021 08 00
t012873 2021 08 00
t012875 2021 08 00
t012877 2021 08 00
t012879 2021 08 00
t012881 2021 08 00
t012882 2021 08 00
t012883 2021 08 00
t012884 2021 08 00
t012886 2021 08 00
t012887 2021 08 00
t012888 2021 08 00
t012890 2021 08 00
t012891 2021 08 00
t012895 2021 08 00
t012896 2021 08 00
t012898 2021 08 00
t012902 2021 08 00
t012903 2021 08 00
t012904 2021 08 00
t012905 2021 08 00
t012906 2021 08 00
t012908 2021 08 00
t012909 2021 08 00
t012913 2021 08 00
t012916 2021 08 00
t012917 2021 08 00
t012918 2021 08 00
t012920 2021 08 00
t012921 2021 08 00
t012922 2021 08 00
t012925 2021 08 00
t012926 2021 08 00
t012928 2021 08 00
t012930 2021 08 00
t012935 2021 08 00
t012936 2021 08 00
t012937 2021 08 00
t012939 2021 08 00
t012940 2021 08 00
t012947 2021 08 00
t012948 2021 08 00
t012950 2021 08 00
t012951 2021 08 00
t012952 2021 08 00
t012953 2021 08 00
t012954 2021 08 00
t012955 2021 08 00
t012956 2021 08 00
t012961 2021 08 00
t012963 2021 08 00
t012966 2021 08 00
t012967 2021 08 00
t012968 2021 08 00
t012969 2021 08 00
t012970 2021 08 00
t012971 2021 08 00
t012972 2021 08 00
t012975 2021 08 00
t012976 2021 08 00
t012978 2021 08 00
t012979 2021 08 00
t012980 2021 08 00
t012981 2021 08 00
t012982 2021 08 00
t012983 2021 08 00
t012984 2021 08 00
t012985 2021 08 00
t012988 2021 08 00
t012989 2021 08 00
t012990 2021 08 00
t012992 2021 08 00
t012993 2021 08 00
t012994 2021 08 00
t012995 2021 08 00
t012996 2021 08 00
t012997 2021 08 00
t012998 2021 08 00
t012999 2021 08 00
t013000 2021 08 00
t013001 2021 08 00
t013002 2021 08 00
t013003 2021 08 00
t013004 2021 08 00
t013005 2021 08 00
t013006 2021 08 00
t013009 2021 08 00
t013010 2021 08 00
t013015 2021 09 00
t013016 2021 09 00
t013017 2021 09 00
t013018 2021 09 00
t013019 2021 09 00
t013020 2021 09 00
t013021 2021 09 00
t013024 2021 09 00
t013025 2021 09 00
t013026 2021 09 00
t013027 2021 09 00
t013028 2021 09 00
t013029 2021 09 00
t013030 2021 09 00
t013031 2021 09 00
t013034 2021 09 00
t013035 2021 09 00
t013036 2021 09 00
t013037 2021 09 00
t013038 2021 09 00
t013039 2021 09 00
t013044 2021 09 00
t013045 2021 09 00
t013046 2021 09 00
t013047 2021 09 00
t013048 2021 09 00
t013049 2021 09 00
t013050 2021 09 00
t013054 2021 09 00
t013055 2021 09 00
t013056 2021 09 00
t013058 2021 09 00
t013061 2021 09 00
t013062 2021 09 00
t013063 2021 09 00
t013064 2021 09 00
t013066 2021 09 00
t013070 2021 09 00
t013071 2021 09 00
t013072 2021 09 00
t013073 2021 09 00
t013075 2021 09 00
t013076 2021 09 00
t013077 2021 09 00
t013078 2021 09 00
t013079 2021 09 00
t013081 2021 09 00
t013082 2021 09 00
t013085 2021 09 00
t013090 2021 09 00
t013092 2021 09 00
t013094 2021 09 00
t013095 2021 09 00
t013096 2021 09 00
t013097 2021 09 00
t013098 2021 09 00
t013100 2021 09 00
t013101 2021 09 00
t013102 2021 09 00
t013104 2021 09 00
t013105 2021 09 00
t013106 2021 09 00
t013107 2021 09 00
t013108 2021 09 00
t013109 2021 09 00
t013110 2021 09 00
t013111 2021 09 00
t013112 2021 09 00
t013113 2021 09 00
t013114 2021 09 00
t013115 2021 09 00
t013116 2021 09 00
t013117 2021 09 00
t013119 2021 09 00
t013120 2021 09 00
t013122 2021 09 00
t013123 2021 09 00
t013124 2021 09 00
t013125 2021 09 00
t013127 2021 09 00
t013128 2021 09 00
t013129 2021 09 00
t013131 2021 09 00
t013132 2021 09 00
t013133 2021 09 00
t013134 2021 09 00
t013135 2021 09 00
t013136 2021 09 00
t013137 2021 09 00
t013138 2021 09 00
t013139 2021 09 00
t013140 2021 09 00
t013141 2021 09 00
t013142 2021 09 00
t013143 2021 09 00
t013144 2021 09 00
t013145 2021 09 00
t013146 2021 09 00
t013147 2021 09 00
t013148 2021 09 00
t013149 2021 09 00
t013150 2021 09 00
t013151 2021 09 00
t013154 2021 09 00
t013155 2021 09 00
t013156 2021 09 00
t013157 2021 09 00
t013158 2021 09 00
t013159 2021 09 00
t013161 2021 09 00
t013164 2021 09 00
t013166 2021 09 00
t013168 2021 09 00
t013170 2021 09 00
t013171 2021 09 00
t013172 2021 09 00
t013174 2021 09 00
t013176 2021 09 00
t013182 2021 09 00
t013185 2021 09 00
t013188 2021 09 00
t013189 2021 09 00
t013191 2021 09 00
t013194 2021 09 00
t013195 2021 09 00
t013196 2021 09 00
t013198 2021 09 00
t013199 2021 09 00
t013200 2021 09 00
t013201 2021 09 00
t013202 2021 09 00
t013203 2021 09 00
t013204 2021 09 00
t013205 2021 09 00
t013207 2021 09 00
t013208 2021 09 00
t013211 2021 09 00
t013212 2021 09 00
t013213 2021 09 00
t013215 2021 09 00
t013218 2021 09 00
t013219 2021 09 00
t013221 2021 09 00
t013222 2021 09 00
t013226 2021 09 00
t013227 2021 09 00
t013228 2021 09 00
t013229 2021 09 00
t013230 2021 09 00
t013231 2021 09 00
t013234 2021 09 00
t013236 2021 09 00
t013237 2021 09 00
t013239 2021 09 00
t013241 2021 09 00
t013242 2021 09 00
t013243 2021 09 00
t013244 2021 09 00
t013245 2021 09 00
t013246 2021 09 00
t013247 2021 09 00
t013248 2021 09 00
t013252 2021 09 00
t013253 2021 09 00
t013254 2021 09 00
t013255 2021 09 00
t013257 2021 09 00
t013258 2021 09 00
t013261 2021 09 00
t013264 2021 09 00
t013266 2021 09 00
t013267 2021 09 00
t013268 2021 09 00
t013269 2021 09 00
t013270 2021 09 00
t013271 2021 09 00
t013274 2021 09 00
t013277 2021 09 00
t013279 2021 09 00
t013282 2021 09 00
t013283 2021 09 00
t013284 2021 09 00
t013285 2021 09 00
t013286 2021 09 00
t013287 2021 09 00
t013288 2021 09 00
t013289 2021 09 00
t013290 2021 09 00
t013293 2021 09 00
t013294 2021 09 00
t013295 2021 09 00
t013296 2021 09 00
t013298 2021 09 00
t013299 2021 09 00
t013301 2021 09 00
t013302 2021 09 00
t013304 2021 09 00
t013305 2021 09 00
t013307 2021 09 00
t013308 2021 09 00
t013309 2021 09 00
t013311 2021 09 00
t013312 2021 09 00
t013315 2021 09 00
t013318 2021 09 00
t013319 2021 09 00
t013320 2021 09 00
t013323 2021 09 00
t013325 2021 10 00
t013327 2021 10 00
t013328 2021 10 00
t013330 2021 10 00
t013332 2021 10 00
t013333 2021 10 00
t013334 2021 10 00
t013335 2021 10 00
t013336 2021 10 00
t013338 2021 10 00
t013339 2021 10 00
t013340 2021 10 00
t013341 2021 10 00
t013342 2021 10 00
t013343 2021 10 00
t013344 2021 10 00
t013345 2021 10 00
t013346 2021 10 00
t013347 2021 10 00
t013348 2021 10 00
t013349 2021 10 00
t013350 2021 10 00
t013351 2021 10 00
t013352 2021 10 00
t013353 2021 10 00
t013354 2021 10 00
t013355 2021 10 00
t013356 2021 10 00
t013357 2021 10 00
t013358 2021 10 00
t013359 2021 10 00
t013360 2021 10 00
t013362 2021 10 00
t013363 2021 10 00
t013364 2021 10 00
t013365 2021 10 00
t013366 2021 10 00
t013368 2021 10 00
t013369 2021 10 00
t013372 2021 10 00
t013376 2021 10 00
t013377 2021 10 00
t013378 2021 10 00
t013380 2021 10 00
t013381 2021 10 00
t013382 2021 10 00
t013383 2021 10 00
t013385 2021 10 00
t013388 2021 10 00
t013389 2021 10 00
t013390 2021 10 00
t013391 2021 10 00
t013392 2021 10 00
t013393 2021 10 00
t013395 2021 10 00
t013398 2021 10 00
t013399 2021 10 00
t013404 2021 10 00
t013405 2021 10 00
t013407 2021 10 00
t013408 2021 10 00
t013409 2021 10 00
t013410 2021 10 00
t013415 2021 10 00
t013416 2021 10 00
t013420 2021 10 00
t013423 2021 10 00
t013424 2021 10 00
t013426 2021 10 00
t013427 2021 10 00
t013428 2021 10 00
t013429 2021 10 00
t013431 2021 10 00
t013433 2021 10 00
t013434 2021 10 00
t013436 2021 10 00
t013437 2021 10 00
t013438 2021 10 00
t013439 2021 10 00
t013442 2021 10 00
t013444 2021 10 00
t013445 2021 10 00
t013446 2021 10 00
t013447 2021 10 00
t013448 2021 10 00
t013449 2021 10 00
t013454 2021 10 00
t013456 2021 10 00
t013459 2021 10 00
t013460 2021 10 00
t013461 2021 10 00
t013462 2021 10 00
t013463 2021 10 00
t013464 2021 10 00
t013465 2021 10 00
t013466 2021 10 00
t013468 2021 10 00
t013469 2021 10 00
t013471 2021 10 00
t013472 2021 10 00
t013473 2021 10 00
t013477 2021 10 00
t013478 2021 10 00
t013479 2021 10 00
t013480 2021 10 00
t013482 2021 10 00
t013483 2021 10 00
t013486 2021 10 00
t013487 2021 10 00
t013488 2021 10 00
t013489 2021 10 00
t013490 2021 10 00
t013492 2021 10 00
t013493 2021 10 00
t013494 2021 10 00
t013495 2021 10 00
t013496 2021 10 00
t013497 2021 10 00
t013499 2021 10 00
t013500 2021 10 00
t013504 2021 10 00
t013507 2021 10 00
t013511 2021 10 00
t013512 2021 10 00
t013514 2021 10 00
t013515 2021 10 00
t013516 2021 10 00
t013517 2021 10 00
t013518 2021 10 00
t013519 2021 10 00
t013520 2021 10 00
t013521 2021 10 00
t013524 2021 10 00
t013526 2021 10 00
t013527 2021 10 00
t013528 2021 10 00
t013529 2021 10 00
t013530 2021 10 00
t013531 2021 10 00
t013532 2021 10 00
t013533 2021 10 00
t013535 2021 10 00
t013536 2021 10 00
t013539 2021 10 00
t013540 2021 10 00
t013542 2021 10 00
t013545 2021 10 00
t013546 2021 10 00
t013547 2021 10 00
t013550 2021 10 00
t013551 2021 10 00
t013552 2021 10 00
t013553 2021 10 00
t013554 2021 10 00
t013555 2021 10 00
t013560 2021 10 00
t013561 2021 10 00
t013563 2021 10 00
t013564 2021 10 00
t013566 2021 10 00
t013572 2021 11 00
t013573 2021 11 00
t013574 2021 11 00
t013575 2021 11 00
t013578 2021 11 00
t013580 2021 11 00
t013581 2021 11 00
t013582 2021 11 00
t013583 2021 11 00
t013584 2021 11 00
t013586 2021 11 00
t013589 2021 11 00
t013590 2021 11 00
t013591 2021 11 00
t013592 2021 11 00
t013593 2021 11 00
t013595 2021 11 00
t013596 2021 11 00
t013597 2021 11 00
t013598 2021 11 00
t013600 2021 11 00
t013601 2021 11 00
t013602 2021 11 00
t013604 2021 11 00
t013606 2021 11 00
t013607 2021 11 00
t013608 2021 11 00
t013610 2021 11 00
t013611 2021 11 00
t013612 2021 11 00
t013613 2021 11 00
t013616 2021 11 00
t013617 2021 11 00
t013619 2021 11 00
t013620 2021 11 00
t013622 2021 11 00
t013623 2021 11 00
t013625 2021 11 00
t013626 2021 11 00
t013629 2021 11 00
t013630 2021 11 00
t013631 2021 11 00
t013633 2021 11 00
t013641 2021 11 00
t013642 2021 11 00
t013643 2021 11 00
t013645 2021 11 00
t013646 2021 11 00
t013647 2021 11 00
t013653 2021 11 00
t013654 2021 11 00
t013658 2021 11 00
t013659 2021 11 00
t013660 2021 11 00
t013662 2021 11 00
t013663 2021 11 00
t013664 2021 11 00
t013665 2021 11 00
t013666 2021 11 00
t013667 2021 11 00
t013671 2021 11 00
t013672 2021 11 00
t013673 2021 11 00
t013677 2021 11 00
t013679 2021 11 00
t013682 2021 11 00
t013683 2021 11 00
t013684 2021 11 00
t013685 2021 11 00
t013686 2021 11 00
t013687 2021 11 00
t013688 2021 11 00
t013690 2021 11 00
t013691 2021 11 00
t013692 2021 11 00
t013694 2021 11 00
t013695 2021 11 00
t013696 2021 11 00
t013698 2021 11 00
t013699 2021 11 00
t013702 2021 11 00
t013703 2021 11 00
t013704 2021 11 00
t013705 2021 11 00
t013706 2021 11 00
t013707 2021 11 00
t013709 2021 11 00
t013710 2021 11 00
t013711 2021 11 00
t013713 2021 11 00
t013714 2021 11 00
t013715 2021 11 00
t013716 2021 11 00
t013717 2021 11 00
t013718 2021 11 00
t013720 2021 11 00
t013721 2021 11 00
t013722 2021 11 00
t013727 2021 11 00
t013729 2021 11 00
t013730 2021 11 00
t013731 2021 11 00
t013732 2021 11 00
t013733 2021 11 00
t013734 2021 11 00
t013735 2021 11 00
t013736 2021 11 00
t013737 2021 11 00
t013739 2021 11 00
t013740 2021 11 00
t013741 2021 11 00
t013743 2021 11 00
t013744 2021 11 00
t013745 2021 11 00
t013746 2021 11 00
t013747 2021 11 00
t013748 2021 11 00
t013749 2021 11 00
t013751 2021 11 00
t013753 2021 11 00
t013754 2021 11 00
t013755 2021 11 00
t013757 2021 11 00
t013758 2021 11 00
t013759 2021 11 00
t013760 2021 11 00
t013761 2021 11 00
t013762 2021 11 00
t013763 2021 11 00
t013764 2021 11 00
t013765 2021 11 00
t013766 2021 11 00
t013768 2021 11 00
t013769 2021 11 00
t013770 2021 11 00
t013771 2021 11 00
t013772 2021 11 00
t013773 2021 11 00
t013774 2021 11 00
t013775 2021 11 00
t013776 2021 11 00
t013777 2021 11 00
t013778 2021 11 00
t013780 2021 11 00
t013782 2021 11 00
t013783 2021 11 00
t013784 2021 11 00
t013785 2021 11 00
t013786 2021 11 00
t013787 2021 11 00
t013788 2021 11 00
t013790 2021 11 00
t013791 2021 11 00
t013793 2021 11 00
t013794 2021 11 00
t013796 2021 11 00
t013797 2021 11 00
t013799 2021 11 00
t013800 2021 11 00
t013801 2021 11 00
t013802 2021 11 00
t013803 2021 11 00
t013804 2021 11 00
t013806 2021 11 00
t013807 2021 11 00
t013808 2021 11 00
t013809 2021 11 00
t013810 2021 11 00
t013811 2021 11 00
t013812 2021 11 00
t013813 2021 11 00
t013814 2021 11 00
t013815 2021 11 00
t013816 2021 11 00
t013817 2021 11 00
t013818 2021 11 00
t013819 2021 11 00
t013820 2021 11 00
t013821 2021 11 00
t013822 2021 11 00
t013824 2021 11 00
t013825 2021 11 00
t013826 2021 11 00
t013828 2021 11 00
t013829 2021 11 00
t013830 2021 11 00
t013831 2021 11 00
t013834 2021 11 00
t013836 2021 11 00
t013837 2021 11 00
t013838 2021 11 00
t013839 2021 11 00
t013840 2021 11 00
t013841 2021 11 00
t013844 2021 11 00
t013845 2021 11 00
t013847 2021 11 00
t013849 2021 11 00
t013850 2021 11 00
t013851 2021 11 00
t013852 2021 11 00
t013854 2021 11 00
t013855 2021 11 00
t013859 2021 11 00
t013862 2021 11 00
t013864 2021 11 00
t013866 2021 11 00
t013868 2021 11 00
t013869 2021 11 00
t013870 2021 11 00
t013873 2021 11 00
t013874 2021 11 00
t013876 2021 11 00
t013877 2021 11 00
t013878 2021 11 00
t013879 2021 11 00
t013886 2021 11 00
t013887 2021 12 00
t013889 2021 12 00
t013891 2021 12 00
t013894 2021 12 00
t013895 2021 12 00
t013896 2021 12 00
t013897 2021 12 00
t013898 2021 12 00
t013899 2021 12 00
t013900 2021 12 00
t013901 2021 12 00
t013902 2021 12 00
t013903 2021 12 00
t013905 2021 12 00
t013908 2021 12 00
t013909 2021 12 00
t013910 2021 12 00
t013911 2021 12 00
t013913 2021 12 00
t013914 2021 12 00
t013916 2021 12 00
t013918 2021 12 00
t013919 2021 12 00
t013921 2021 12 00
t013922 2021 12 00
t013927 2021 12 00
t013928 2021 12 00
t013929 2021 12 00
t013930 2021 12 00
t013931 2021 12 00
t013932 2021 12 00
t013933 2021 12 00
t013936 2021 12 00
t013937 2021 12 00
t013938 2021 12 00
t013940 2021 12 00
t013942 2021 12 00
t013943 2021 12 00
t013946 2021 12 00
t013947 2021 12 00
t013948 2021 12 00
t013950 2021 12 00
t013951 2021 12 00
t013956 2021 12 00
t013963 2021 12 00
t013964 2021 12 00
t013966 2021 12 00
t013967 2021 12 00
t013968 2021 12 00
t013969 2021 12 00
t013971 2021 12 00
t013972 2021 12 00
t013973 2021 12 00
t013974 2021 12 00
t013980 2021 12 00
t013986 2021 12 00
t013997 2021 12 00
t013999 2021 12 00
t014000 2021 12 00
t014001 2021 12 00
t014002 2021 12 00
t014003 2021 12 00
t014004 2021 12 00
t014007 2021 12 00
t014008 2021 12 00
t014009 2021 12 00
t014010 2021 12 00
t014011 2021 12 00
t014012 2021 12 00
t014014 2021 12 00
t014015 2021 12 00
t014016 2021 12 00
t014017 2021 12 00
t014018 2021 12 00
t014020 2021 12 00
t014024 2021 12 00
t014026 2021 12 00
t014027 2021 12 00
t014028 2021 12 00
t014029 2021 12 00
t014030 2021 12 00
t014032 2021 12 00
t014034 2021 12 00
t014035 2021 12 00
t014037 2021 12 00
t014038 2021 12 00
t014039 2021 12 00
t014042 2021 12 00
t014043 2021 12 00
t014044 2021 12 00
t014045 2021 12 00
t014048 2021 12 00
t014049 2021 12 00
t014051 2021 12 00
t014052 2021 12 00
t014053 2021 12 00
t014054 2021 12 00
t014056 2021 12 00
t014058 2021 12 00
t014059 2021 12 00
t014060 2021 12 00
t014061 2021 12 00
t014062 2021 12 00
t014063 2021 12 00
t014065 2021 12 00
t014066 2021 12 00
t014067 2021 12 00
t014068 2021 12 00
t014069 2021 12 00
t014070 2021 12 00
t014072 2021 12 00
t014073 2021 12 00
t014074 2021 12 00
t014075 2021 12 00
t014076 2021 12 00
t014079 2021 12 00
t014080 2021 12 00
t014081 2021 12 00
t014082 2021 12 00
t014083 2021 12 00
t014084 2021 12 00
t014085 2021 12 00
t014086 2021 12 00
t014087 2021 12 00
t014088 2021 12 00
t014089 2021 12 00
t014091 2021 12 00
t014093 2021 12 00
t014095 2021 12 00
t014096 2021 12 00
t014097 2021 12 00
t014098 2021 12 00
t014101 2021 12 00
t014103 2021 12 00
t014105 2021 12 00
t014106 2021 12 00
t014107 2021 12 00
t014108 2021 12 00
t014110 2021 12 00
t014111 2021 12 00
t014112 2021 12 00
t014114 2021 12 00
t014115 2021 12 00
t014116 2021 12 00
t014117 2021 12 00
t014118 2021 12 00
t014119 2021 12 00
t014120 2021 12 00
t014121 2021 12 00
t014122 2021 12 00
t014123 2021 12 00
t014126 2021 12 00
t014128 2021 12 00
t014129 2021 12 00
t014131 2021 12 00
t014132 2021 12 00
t014134 2021 12 00
t014135 2021 12 00
t014136 2021 12 00
t014139 2021 12 00
t014145 2021 12 00
t014146 2021 12 00
t014147 2021 12 00
t014148 2021 12 00
t014149 2021 12 00
t014150 2021 12 00
t014151 2021 12 00
t014152 2021 12 00
t014153 2021 12 00
t014157 2021 12 00
t014158 2021 12 00
t014161 2021 12 00
t014163 2021 12 00
t014165 2021 12 00
t014166 2021 12 00
t014167 2021 12 00
t014169 2021 12 00
t014170 2021 12 00
t014171 2021 12 00
t014174 2021 12 00
t014175 2021 12 00
t014176 2021 12 00
t014180 2021 12 00
t014181 2021 12 00
t014182 2021 12 00
t014183 2021 12 00
t014185 2021 12 00
t014188 2021 12 00
t014190 2021 12 00
t014192 2021 12 00
t014197 2021 12 00
t014198 2021 12 00
t014199 2021 12 00
t014202 2021 12 00
t014204 2022 01 00
t014207 2022 01 00
t014209 2022 01 00
t014210 2022 01 00
t014216 2022 01 00
t014217 2022 01 00
t014218 2022 01 00
t014219 2022 01 00
t014220 2022 01 00
t014221 2022 01 00
t014224 2022 01 00
t014225 2022 01 00
t014226 2022 01 00
t014227 2022 01 00
t014229 2022 01 00
t014231 2022 01 00
t014232 2022 01 00
t014233 2022 01 00
t014235 2022 01 00
t014236 2022 01 00
t014237 2022 01 00
t014238 2022 01 00
t014240 2022 01 00
t014241 2022 01 00
t014242 2022 01 00
t014247 2022 01 00
t014248 2022 01 00
t014249 2022 01 00
t014252 2022 01 00
t014253 2022 01 00
t014255 2022 01 00
t014256 2022 01 00
t014257 2022 01 00
t014258 2022 01 00
t014260 2022 01 00
t014263 2022 01 00
t014264 2022 01 00
t014266 2022 01 00
t014267 2022 01 00
t014268 2022 01 00
t014269 2022 01 00
t014270 2022 01 00
t014271 2022 01 00
t014273 2022 01 00
t014274 2022 01 00
t014275 2022 01 00
t014276 2022 01 00
t014278 2022 01 00
t014279 2022 01 00
t014280 2022 01 00
t014282 2022 01 00
t014283 2022 01 00
t014285 2022 01 00
t014287 2022 01 00
t014288 2022 01 00
t014294 2022 01 00
t014295 2022 01 00
t014297 2022 01 00
t014298 2022 01 00
t014301 2022 01 00
t014302 2022 01 00
t014303 2022 01 00
t014304 2022 01 00
t014305 2022 01 00
t014306 2022 01 00
t014307 2022 01 00
t014308 2022 01 00
t014309 2022 01 00
t014310 2022 01 00
t014311 2022 01 00
t014312 2022 01 00
t014315 2022 01 00
t014316 2022 01 00
t014317 2022 01 00
t014319 2022 01 00
t014320 2022 01 00
t014321 2022 01 00
t014322 2022 01 00
t014323 2022 01 00
t014324 2022 01 00
t014325 2022 01 00
t014327 2022 01 00
t014330 2022 01 00
t014331 2022 01 00
t014332 2022 01 00
t014333 2022 01 00
t014336 2022 01 00
t014337 2022 01 00
t014338 2022 01 00
t014340 2022 01 00
t014342 2022 01 00
t014343 2022 01 00
t014345 2022 01 00
t014346 2022 01 00
t014347 2022 01 00
t014348 2022 01 00
t014352 2022 01 00
t014354 2022 01 00
t014355 2022 01 00
t014356 2022 01 00
t014358 2022 01 00
t014359 2022 01 00
t014361 2022 01 00
t014362 2022 01 00
t014363 2022 01 00
t014364 2022 01 00
t014365 2022 01 00
t014366 2022 01 00
t014367 2022 01 00
t014370 2022 01 00
t014371 2022 01 00
t014374 2022 01 00
t014375 2022 01 00
t014379 2022 01 00
t014382 2022 01 00
t014384 2022 01 00
t014385 2022 01 00
t014388 2022 01 00
t014389 2022 01 00
t014390 2022 01 00
t014392 2022 01 00
t014393 2022 01 00
t014394 2022 01 00
t014395 2022 01 00
t014398 2022 01 00
t014401 2022 01 00
t014402 2022 01 00
t014403 2022 01 00
t014406 2022 01 00
t014407 2022 01 00
t014408 2022 01 00
t014409 2022 01 00
t014411 2022 01 00
t014414 2022 01 00
t014416 2022 01 00
t014417 2022 01 00
t014421 2022 01 00
t014422 2022 01 00
t014423 2022 01 00
t014424 2022 01 00
t014425 2022 01 00
t014426 2022 01 00
t014427 2022 01 00
t014428 2022 01 00
t014432 2022 01 00
t014433 2022 01 00
t014435 2022 01 00
t014437 2022 01 00
t014438 2022 01 00
t014439 2022 01 00
t014440 2022 01 00
t014441 2022 01 00
t014442 2022 01 00
t014444 2022 01 00
t014447 2022 01 00
t014448 2022 01 00
t014452 2022 01 00
t014454 2022 01 00
t014459 2022 01 00
t014460 2022 01 00
t014461 2022 01 00
t014462 2022 01 00
t014463 2022 01 00
t014467 2022 01 00
t014468 2022 01 00
t014470 2022 01 00
t014473 2022 01 00
t014474 2022 01 00
t014475 2022 01 00
t014477 2022 01 00
t014478 2022 01 00
t014481 2022 01 00
t014482 2022 01 00
t014483 2022 01 00
t014484 2022 01 00
t014487 2022 01 00
t014489 2022 01 00
t014490 2022 01 00
t014491 2022 01 00
t014492 2022 01 00
t014493 2022 01 00
t014494 2022 01 00
t014495 2022 01 00
t014496 2022 01 00
t014499 2022 01 00
t014500 2022 01 00
t014502 2022 01 00
t014504 2022 01 00
t014505 2022 01 00
t014506 2022 01 00
t014507 2022 01 00
t014508 2022 01 00
t014509 2022 01 00
t014510 2022 01 00
t014511 2022 01 00
t014512 2022 01 00
t014513 2022 01 00
t014514 2022 01 00
t014515 2022 01 00
t014517 2022 01 00
t014518 2022 01 00
t014520 2022 01 00
t014523 2022 01 00
t014525 2022 01 00
t014528 2022 01 00
t014529 2022 01 00
t014531 2022 01 00
t014532 2022 01 00
t014534 2022 01 00
t014535 2022 01 00
t014540 2022 01 00
t014542 2022 01 00
t014543 2022 01 00
t014544 2022 01 00
t014545 2022 01 00
t014546 2022 01 00
t014547 2022 01 00
t014548 2022 01 00
t014550 2022 01 00
t014551 2022 01 00
t014552 2022 01 00
t014553 2022 01 00
t014554 2022 01 00
t014555 2022 01 00
t014556 2022 01 00
t014558 2022 01 00
t014560 2022 01 00
t014561 2022 01 00
t014565 2022 01 00
t014566 2022 01 00
t014568 2022 01 00
t014569 2022 01 00
t014571 2022 01 00
t014572 2022 01 00
t014573 2022 01 00
t014574 2022 01 00
t014575 2022 01 00
t014577 2022 01 00
t014579 2022 01 00
t014580 2022 01 00
t014581 2022 01 00
t014582 2022 01 00
t014583 2022 01 00
t014586 2022 01 00
t014587 2022 01 00
t014588 2022 01 00
t014589 2022 01 00
t014591 2022 01 00
t014592 2022 01 00
t014593 2022 01 00
t014594 2022 01 00
t014595 2022 01 00
t014596 2022 01 00
t014597 2022 01 00
t014598 2022 01 00
t014599 2022 01 00
t014600 2022 01 00
t014601 2022 01 00
t014604 2022 01 00
t014605 2022 01 00
t014607 2022 01 00
t014608 2022 01 00
t014612 2022 01 00
t014613 2022 01 00
t014616 2022 01 00
t014618 2022 01 00
t014619 2022 01 00
t014622 2022 01 00
t014623 2022 01 00
t014624 2022 01 00
t014625 2022 01 00
t014626 2022 01 00
t014630 2022 01 00
t014632 2022 01 00
t014633 2022 01 00
t014634 2022 01 00
t014636 2022 01 00
t014638 2022 01 00
t014639 2022 01 00
t014640 2022 01 00
t014642 2022 01 00
t014643 2022 01 00
t014644 2022 01 00
t014645 2022 01 00
t014648 2022 01 00
t014649 2022 01 00
t014651 2022 01 00
t014652 2022 01 00
t014654 2022 01 00
t014655 2022 01 00
t014656 2022 01 00
t014657 2022 01 00
t014658 2022 01 00
t014660 2022 01 00
t014661 2022 01 00
t014663 2022 01 00
t014664 2022 01 00
t014665 2022 01 00
t014666 2022 01 00
t014667 2022 01 00
t014668 2022 01 00
t014669 2022 01 00
t014671 2022 01 00
t014674 2022 02 00
t014675 2022 02 00
t014677 2022 02 00
t014678 2022 02 00
t014679 2022 02 00
t014680 2022 02 00
t014681 2022 02 00
t014682 2022 02 00
t014684 2022 02 00
t014685 2022 02 00
t014687 2022 02 00
t014688 2022 02 00
t014689 2022 02 00
t014691 2022 02 00
t014693 2022 02 00
t014694 2022 02 00
t014695 2022 02 00
t014696 2022 02 00
t014698 2022 02 00
t014699 2022 02 00
t014700 2022 02 00
t014702 2022 02 00
t014703 2022 02 00
t014704 2022 02 00
t014705 2022 02 00
t014706 2022 02 00
t014708 2022 02 00
t014709 2022 02 00
t014710 2022 02 00
t014713 2022 02 00
t014714 2022 02 00
t014715 2022 02 00
t014716 2022 02 00
t014718 2022 02 00
t014720 2022 02 00
t014721 2022 02 00
t014722 2022 02 00
t014723 2022 02 00
t014725 2022 02 00
t014727 2022 02 00
t014730 2022 02 00
t014731 2022 02 00
t014732 2022 02 00
t014733 2022 02 00
t014734 2022 02 00
t014735 2022 02 00
t014736 2022 02 00
t014737 2022 02 00
t014738 2022 02 00
t014742 2022 02 00
t014743 2022 02 00
t014744 2022 02 00
t014747 2022 02 00
t014748 2022 02 00
t014749 2022 02 00
t014750 2022 02 00
t014751 2022 02 00
t014753 2022 02 00
t014754 2022 02 00
t014756 2022 02 00
t014757 2022 02 00
t014759 2022 02 00
t014760 2022 02 00
t014762 2022 02 00
t014763 2022 02 00
t014764 2022 02 00
t014765 2022 02 00
t014766 2022 02 00
t014768 2022 02 00
t014770 2022 02 00
t014771 2022 02 00
t014773 2022 02 00
t014774 2022 02 00
t014775 2022 02 00
t014776 2022 02 00
t014777 2022 02 00
t014778 2022 02 00
t014779 2022 02 00
t014780 2022 02 00
t014782 2022 02 00
t014783 2022 02 00
t014784 2022 02 00
t014786 2022 02 00
t014789 2022 02 00
t014790 2022 02 00
t014793 2022 02 00
t014795 2022 02 00
t014796 2022 02 00
t014797 2022 02 00
t014798 2022 02 00
t014801 2022 02 00
t014802 2022 02 00
t014803 2022 02 00
t014804 2022 02 00
t014805 2022 02 00
t014806 2022 02 00
t014808 2022 02 00
t014809 2022 02 00
t014817 2022 02 00
t014818 2022 02 00
t014819 2022 02 00
t014822 2022 02 00
t014823 2022 02 00
t014826 2022 02 00
t014827 2022 02 00
t014828 2022 02 00
t014829 2022 02 00
t014830 2022 02 00
t014831 2022 02 00
t014832 2022 02 00
t014833 2022 02 00
t014834 2022 02 00
t014835 2022 02 00
t014836 2022 02 00
t014837 2022 02 00
t014838 2022 02 00
t014839 2022 02 00
t014840 2022 02 00
t014842 2022 02 00
t014844 2022 02 00
t014846 2022 02 00
t014847 2022 02 00
t014848 2022 02 00
t014849 2022 02 00
t014850 2022 02 00
t014851 2022 02 00
t014852 2022 02 00
t014853 2022 02 00
t014856 2022 02 00
t014858 2022 02 00
t014860 2022 02 00
t014861 2022 02 00
t014863 2022 02 00
t014864 2022 02 00
t014865 2022 02 00
t014866 2022 02 00
t014867 2022 02 00
t014869 2022 02 00
t014870 2022 02 00
t014871 2022 02 00
t014873 2022 02 00
t014874 2022 02 00
t014875 2022 02 00
t014876 2022 02 00
t014877 2022 02 00
t014878 2022 02 00
t014880 2022 02 00
t014883 2022 02 00
t014884 2022 02 00
t014885 2022 02 00
t014886 2022 02 00
t014887 2022 02 00
t014888 2022 02 00
t014889 2022 02 00
t014890 2022 02 00
t014891 2022 02 00
t014893 2022 02 00
t014894 2022 02 00
t014896 2022 02 00
t014897 2022 02 00
t014898 2022 02 00
t014899 2022 02 00
t014900 2022 02 00
t014901 2022 02 00
t014902 2022 02 00
t014903 2022 02 00
t014906 2022 02 00
t014907 2022 02 00
t014908 2022 02 00
t014910 2022 02 00
t014912 2022 02 00
t014914 2022 02 00
t014916 2022 02 00
t014917 2022 02 00
t014919 2022 02 00
t014920 2022 02 00
t014922 2022 02 00
t014924 2022 02 00
t014925 2022 02 00
t014926 2022 02 00
t014928 2022 02 00
t014930 2022 02 00
t014932 2022 02 00
t014933 2022 02 00
t014935 2022 02 00
t014936 2022 02 00
t014937 2022 02 00
t014939 2022 02 00
t014940 2022 02 00
t014941 2022 02 00
t014942 2022 02 00
t014943 2022 02 00
t014945 2022 02 00
t014946 2022 02 00
t014947 2022 02 00
t014948 2022 02 00
t014951 2022 02 00
t014954 2022 02 00
t014956 2022 02 00
t014957 2022 02 00
t014959 2022 02 00
t014961 2022 02 00
t014965 2022 02 00
t014966 2022 02 00
t014967 2022 02 00
t014968 2022 02 00
t014969 2022 02 00
t014970 2022 02 00
t014971 2022 02 00
t014972 2022 02 00
t014973 2022 02 00
t014974 2022 02 00
t014975 2022 03 00
t014976 2022 03 00
t014977 2022 03 00
t014979 2022 03 00
t014981 2022 03 00
t014984 2022 03 00
t014986 2022 03 00
t014988 2022 03 00
t014991 2022 03 00
t014992 2022 03 00
t014993 2022 03 00
t014995 2022 03 00
t014996 2022 03 00
t014997 2022 03 00
t014999 2022 03 00
t015001 2022 03 00
t015002 2022 03 00
t015003 2022 03 00
t015004 2022 03 00
t015005 2022 03 00
t015006 2022 03 00
t015007 2022 03 00
t015008 2022 03 00
t015010 2022 03 00
t015011 2022 03 00
t015012 2022 03 00
t015014 2022 03 00
t015016 2022 03 00
t015017 2022 03 00
t015018 2022 03 00
t015020 2022 03 00
t015021 2022 03 00
t015022 2022 03 00
t015023 2022 03 00
t015025 2022 03 00
t015026 2022 03 00
t015029 2022 03 00
t015030 2022 03 00
t015031 2022 03 00
t015032 2022 03 00
t015034 2022 03 00
t015035 2022 03 00
t015036 2022 03 00
t015038 2022 03 00
t015039 2022 03 00
t015041 2022 03 00
t015042 2022 03 00
t015045 2022 03 00
t015047 2022 03 00
t015050 2022 03 00
t015051 2022 03 00
t015053 2022 03 00
t015054 2022 03 00
t015055 2022 03 00
t015058 2022 03 00
t015059 2022 03 00
t015062 2022 03 00
t015063 2022 03 00
t015064 2022 03 00
t015065 2022 03 00
t015066 2022 03 00
t015067 2022 03 00
t015068 2022 03 00
t015069 2022 03 00
t015072 2022 03 00
t015074 2022 03 00
t015076 2022 03 00
t015078 2022 03 00
t015079 2022 03 00
t015080 2022 03 00
t015081 2022 03 00
t015083 2022 03 00
t015085 2022 03 00
t015086 2022 03 00
t015088 2022 03 00
t015091 2022 03 00
t015092 2022 03 00
t015093 2022 03 00
t015094 2022 03 00
t015096 2022 03 00
t015097 2022 03 00
t015098 2022 03 00
t015099 2022 03 00
t015100 2022 03 00
t015101 2022 03 00
t015102 2022 03 00
t015103 2022 03 00
t015104 2022 03 00
t015105 2022 03 00
t015107 2022 03 00
t015110 2022 03 00
t015111 2022 03 00
t015112 2022 03 00
t015113 2022 03 00
t015114 2022 03 00
t015115 2022 03 00
t015116 2022 03 00
t015118 2022 03 00
t015119 2022 03 00
t015121 2022 03 00
t015122 2022 04 00
t015125 2022 04 00
t015126 2022 04 00
t015128 2022 04 00
t015129 2022 04 00
t015130 2022 04 00
t015131 2022 04 00
t015132 2022 04 00
t015133 2022 04 00
t015136 2022 04 00
t015137 2022 04 00
t015138 2022 04 00
t015139 2022 04 00
t015140 2022 04 00
t015141 2022 04 00
t015142 2022 04 00
t015143 2022 04 00
t015144 2022 04 00
t015145 2022 04 00
t015147 2022 04 00
t015148 2022 04 00
t015149 2022 04 00
t015150 2022 04 00
t015152 2022 04 00
t015153 2022 04 00
t015154 2022 04 00
t015155 2022 04 00
t015156 2022 04 00
t015157 2022 04 00
t015162 2022 04 00
t015163 2022 04 00
t015164 2022 04 00
t015165 2022 04 00
t015166 2022 04 00
t015167 2022 04 00
t015168 2022 04 00
t015169 2022 04 00
t015174 2022 04 00
t015176 2022 04 00
t015178 2022 04 00
t015179 2022 04 00
t015181 2022 04 00
t015182 2022 04 00
t015183 2022 04 00
t015184 2022 04 00
t015185 2022 04 00
t015187 2022 04 00
t015189 2022 04 00
t015191 2022 04 00
t015193 2022 04 00
t015194 2022 04 00
t015196 2022 04 00
t015197 2022 04 00
t015199 2022 04 00
t015200 2022 04 00
t015201 2022 04 00
t015204 2022 04 00
t015206 2022 04 00
t015207 2022 04 00
t015210 2022 04 00
t015211 2022 04 00
t015214 2022 04 00
t015215 2022 04 00
t015216 2022 04 00
t015217 2022 04 00
t015218 2022 04 00
t015219 2022 04 00
t015221 2022 04 00
t015222 2022 04 00
t015223 2022 04 00
t015229 2022 04 00
t015230 2022 04 00
t015231 2022 04 00
t015232 2022 04 00
t015235 2022 04 00
t015236 2022 04 00
t015237 2022 05 00
t015238 2022 05 00
t015239 2022 05 00
t015240 2022 05 00
t015241 2022 05 00
t015242 2022 05 00
t015243 2022 05 00
t015244 2022 05 00
t015245 2022 05 00
t015246 2022 05 00
t015247 2022 05 00
t015248 2022 05 00
t015250 2022 05 00
t015251 2022 05 00
t015253 2022 05 00
t015254 2022 05 00
t015255 2022 05 00
t015256 2022 05 00
t015257 2022 05 00
t015258 2022 05 00
t015259 2022 05 00
t015260 2022 05 00
t015261 2022 05 00
t015263 2022 05 00
t015266 2022 05 00
t015267 2022 05 00
t015270 2022 05 00
t015271 2022 05 00
t015272 2022 05 00
t015273 2022 05 00
t015274 2022 05 00
t015275 2022 05 00
t015276 2022 05 00
t015277 2022 05 00
t015278 2022 05 00
t015279 2022 05 00
t015281 2022 05 00
t015282 2022 05 00
t015283 2022 05 00
t015284 2022 05 00
t015285 2022 05 00
t015286 2022 05 00
t015290 2022 05 00
t015291 2022 05 00
t015292 2022 05 00
t015293 2022 05 00
t015295 2022 05 00
t015297 2022 05 00
t015299 2022 05 00
t015301 2022 05 00
t015302 2022 05 00
t015304 2022 05 00
t015305 2022 05 00
t015306 2022 05 00
t015307 2022 05 00
t015308 2022 05 00
t015310 2022 05 00
t015311 2022 05 00
t015312 2022 05 00
t015313 2022 05 00
t015314 2022 05 00
t015315 2022 05 00
t015316 2022 05 00
t015317 2022 05 00
t015318 2022 05 00
t015319 2022 05 00
t015321 2022 05 00
t015322 2022 05 00
t015323 2022 05 00
t015324 2022 05 00
t015325 2022 05 00
t015326 2022 05 00
t015327 2022 05 00
t015328 2022 05 00
t015329 2022 05 00
t015330 2022 05 00
t015331 2022 05 00
t015336 2022 05 00
t015339 2022 05 00
t015340 2022 05 00
t015343 2022 05 00
t015344 2022 05 00
t015346 2022 05 00
t015347 2022 05 00
t015348 2022 05 00
t015349 2022 05 00
t015350 2022 05 00
t015351 2022 05 00
t015352 2022 05 00
t015353 2022 05 00
t015354 2022 05 00
t015355 2022 05 00
t015356 2022 05 00
t015357 2022 05 00
t015359 2022 05 00
t015360 2022 05 00
t015361 2022 05 00
t015362 2022 05 00
t015363 2022 05 00
t015364 2022 05 00
t015365 2022 05 00
t015367 2022 05 00
t015369 2022 05 00
t015370 2022 05 00
t015371 2022 05 00
t015372 2022 05 00
t015375 2022 05 00
t015377 2022 05 00
t015378 2022 05 00
t015379 2022 05 00
t015380 2022 05 00
t015381 2022 05 00
t015382 2022 05 00
t015383 2022 05 00
t015384 2022 05 00
t015386 2022 05 00
t015387 2022 05 00
t015388 2022 05 00
t015389 2022 05 00
t015390 2022 05 00
t015391 2022 05 00
t015393 2022 05 00
t015394 2022 05 00
t015395 2022 05 00
t015396 2022 05 00
t015398 2022 05 00
t015400 2022 05 00
t015401 2022 05 00
t015404 2022 05 00
t015405 2022 05 00
t015406 2022 05 00
t015407 2022 05 00
t015408 2022 05 00
t015409 2022 05 00
t015410 2022 05 00
t015411 2022 05 00
t015412 2022 05 00
t015413 2022 05 00
t015414 2022 05 00
t015415 2022 05 00
t015416 2022 05 00
t015417 2022 05 00
t015418 2022 05 00
t015419 2022 05 00
t015420 2022 05 00
t015422 2022 05 00
t015423 2022 05 00
t015425 2022 05 00
t015426 2022 05 00
t015427 2022 05 00
t015431 2022 05 00
t015432 2022 05 00
t015434 2022 05 00
t015435 2022 05 00
t015436 2022 05 00
t015437 2022 05 00
t015438 2022 05 00
t015439 2022 05 00
t015440 2022 05 00
t015441 2022 05 00
t015442 2022 05 00
t015443 2022 05 00
t015444 2022 05 00
t015446 2022 06 00
t015451 2022 06 00
t015452 2022 06 00
t015453 2022 06 00
t015454 2022 06 00
t015457 2022 06 00
t015458 2022 06 00
t015459 2022 06 00
t015460 2022 06 00
t015461 2022 06 00
t015462 2022 06 00
t015463 2022 06 00
t015464 2022 06 00
t015465 2022 06 00
t015467 2022 06 00
t015469 2022 06 00
t015471 2022 06 00
t015472 2022 06 00
t015475 2022 06 00
t015478 2022 06 00
t015479 2022 06 00
t015480 2022 06 00
t015483 2022 06 00
t015485 2022 06 00
t015487 2022 06 00
t015488 2022 06 00
t015489 2022 06 00
t015491 2022 06 00
t015493 2022 06 00
t015494 2022 06 00
t015495 2022 06 00
t015498 2022 06 00
t015499 2022 06 00
t015501 2022 06 00
t015502 2022 06 00
t015504 2022 06 00
t015505 2022 06 00
t015506 2022 06 00
t015507 2022 06 00
t015509 2022 06 00
t015511 2022 06 00
t015514 2022 06 00
t015515 2022 06 00
t015517 2022 06 00
t015518 2022 06 00
t015519 2022 06 00
t015520 2022 06 00
t015522 2022 06 00
t015523 2022 06 00
t015524 2022 06 00
t015525 2022 06 00
t015526 2022 06 00
t015527 2022 06 00
t015528 2022 06 00
t015529 2022 06 00
t015530 2022 06 00
t015531 2022 06 00
t015532 2022 06 00
t015533 2022 06 00
t015534 2022 06 00
t015536 2022 06 00
t015537 2022 06 00
t015538 2022 06 00
t015539 2022 06 00
t015540 2022 06 00
t015541 2022 06 00
t015543 2022 06 00
t015545 2022 06 00
t015546 2022 06 00
t015548 2022 06 00
t015550 2022 06 00
t015551 2022 06 00
t015553 2022 06 00
t015555 2022 06 00
t015556 2022 06 00
t015557 2022 06 00
t015558 2022 06 00
t015560 2022 06 00
t015561 2022 06 00
t015563 2022 06 00
t015564 2022 06 00
t015565 2022 06 00
t015567 2022 06 00
t015568 2022 06 00
t015569 2022 06 00
t015571 2022 06 00
t015572 2022 06 00
t015574 2022 06 00
t015575 2022 06 00
t015576 2022 06 00
t015578 2022 06 00
t015579 2022 06 00
t015580 2022 06 00
t015586 2022 06 00
t015590 2022 06 00
t015591 2022 06 00
t015592 2022 06 00
t015594 2022 06 00
t015595 2022 06 00
t015597 2022 06 00
t015598 2022 06 00
t015599 2022 06 00
t015600 2022 06 00
t015601 2022 06 00
t015602 2022 06 00
t015603 2022 06 00
t015604 2022 06 00
t015605 2022 06 00
t015608 2022 06 00
t015610 2022 06 00
t015611 2022 06 00
t015612 2022 06 00
t015614 2022 06 00
t015615 2022 06 00
t015618 2022 06 00
t015620 2022 06 00
t015621 2022 06 00
t015626 2022 06 00
t015627 2022 06 00
t015628 2022 06 00
t015630 2022 06 00
t015631 2022 06 00
t015632 2022 06 00
t015633 2022 06 00
t015637 2022 06 00
t015638 2022 06 00
t015639 2022 06 00
t015640 2022 06 00
t015645 2022 06 00
t015646 2022 06 00
t015647 2022 06 00
t015650 2022 06 00
t015651 2022 06 00
t015652 2022 06 00
t015653 2022 06 00
t015655 2022 06 00
t015656 2022 07 00
t015657 2022 07 00
t015658 2022 07 00
t015660 2022 07 00
t015661 2022 07 00
t015663 2022 07 00
t015664 2022 07 00
t015667 2022 07 00
t015668 2022 07 00
t015670 2022 07 00
t015671 2022 07 00
t015672 2022 07 00
t015674 2022 07 00
t015676 2022 07 00
t015685 2022 07 00
t015686 2022 07 00
t015687 2022 07 00
t015688 2022 07 00
t015692 2022 07 00
t015694 2022 07 00
t015698 2022 07 00
t015700 2022 07 00
t015701 2022 07 00
t015702 2022 07 00
t015703 2022 07 00
t015705 2022 07 00
t015708 2022 07 00
t015710 2022 07 00
t015711 2022 07 00
t015712 2022 07 00
t015713 2022 07 00
t015715 2022 07 00
t015717 2022 07 00
t015718 2022 07 00
t015719 2022 07 00
t015720 2022 07 00
t015721 2022 07 00
t015722 2022 07 00
t015723 2022 07 00
t015725 2022 07 00
t015726 2022 07 00
t015727 2022 07 00
t015728 2022 07 00
t015729 2022 07 00
t015730 2022 07 00
t015734 2022 07 00
t015735 2022 07 00
t015737 2022 07 00
t015738 2022 07 00
t015739 2022 07 00
t015744 2022 07 00
t015747 2022 07 00
t015748 2022 07 00
t015749 2022 07 00
t015750 2022 07 00
t015751 2022 07 00
t015752 2022 07 00
t015756 2022 07 00
t015759 2022 07 00
t015760 2022 07 00
t015761 2022 07 00
t015762 2022 07 00
t015765 2022 07 00
t015767 2022 07 00
t015768 2022 07 00
t015770 2022 07 00
t015772 2022 07 00
t015774 2022 07 00
t015778 2022 07 00
t015780 2022 07 00
t015781 2022 07 00
t015782 2022 07 00
t015783 2022 07 00
t015784 2022 07 00
t015785 2022 07 00
t015786 2022 07 00
t015787 2022 07 00
t015789 2022 07 00
t015795 2022 07 00
t015796 2022 07 00
t015797 2022 07 00
t015799 2022 07 00
t015801 2022 07 00
t015802 2022 07 00
t015809 2022 07 00
t015810 2022 07 00
t015813 2022 07 00
t015814 2022 07 00
t015815 2022 07 00
t015816 2022 07 00
t015818 2022 07 00
t015821 2022 07 00
t015822 2022 07 00
t015823 2022 07 00
t015825 2022 07 00
t015827 2022 07 00
t015828 2022 07 00
t015830 2022 07 00
t015831 2022 07 00
t015832 2022 07 00
t015833 2022 07 00
t015834 2022 07 00
t015836 2022 07 00
t015837 2022 07 00
t015838 2022 07 00
t015839 2022 07 00
t015840 2022 07 00
t015841 2022 07 00
t015842 2022 07 00
t015843 2022 07 00
t015846 2022 08 00
t015847 2022 08 00
t015848 2022 08 00
t015850 2022 08 00
t015851 2022 08 00
t015853 2022 08 00
t015858 2022 08 00
t015859 2022 08 00
t015860 2022 08 00
t015862 2022 08 00
t015865 2022 08 00
t015866 2022 08 00
t015868 2022 08 00
t015869 2022 08 00
t015871 2022 08 00
t015873 2022 08 00
t015875 2022 08 00
t015877 2022 08 00
t015878 2022 08 00
t015879 2022 08 00
t015880 2022 08 00
t015882 2022 08 00
t015883 2022 08 00
t015885 2022 08 00
t015888 2022 08 00
t015889 2022 08 00
t015890 2022 08 00
t015892 2022 08 00
t015894 2022 08 00
t015895 2022 08 00
t015896 2022 08 00
t015899 2022 08 00
t015900 2022 08 00
t015901 2022 08 00
t015904 2022 08 00
t015905 2022 08 00
t015906 2022 08 00
t015908 2022 08 00
t015909 2022 08 00
t015910 2022 08 00
t015912 2022 08 00
t015913 2022 08 00
t015914 2022 08 00
t015915 2022 08 00
t015916 2022 08 00
t015917 2022 08 00
t015918 2022 08 00
t015919 2022 08 00
t015922 2022 08 00
t015923 2022 08 00
t015924 2022 08 00
t015926 2022 08 00
t015930 2022 08 00
t015931 2022 08 00
t015932 2022 08 00
t015938 2022 08 00
t015941 2022 08 00
t015942 2022 08 00
t015943 2022 08 00
t015944 2022 08 00
t015946 2022 08 00
t015948 2022 08 00
t015950 2022 08 00
t015951 2022 08 00
t015954 2022 08 00
t015955 2022 08 00
t015960 2022 08 00
t015963 2022 08 00
t015966 2022 08 00
t015967 2022 08 00
t015968 2022 08 00
t015970 2022 08 00
t015972 2022 08 00
t015973 2022 08 00
t015976 2022 08 00
t015980 2022 08 00
t015981 2022 08 00
t015983 2022 08 00
t015985 2022 08 00
t015986 2022 08 00
t015988 2022 08 00
t015989 2022 08 00
t015996 2022 08 00
t016000 2022 08 00
t016001 2022 08 00
t016002 2022 08 00
t016003 2022 08 00
t016007 2022 08 00
t016009 2022 08 00
t016010 2022 08 00
t016011 2022 08 00
t016012 2022 08 00
t016014 2022 08 00
t016017 2022 08 00
t016018 2022 08 00
t016022 2022 08 00
t016025 2022 08 00
t016027 2022 08 00
t016031 2022 08 00
t016032 2022 08 00
t016033 2022 08 00
t016035 2022 08 00
t016036 2022 08 00
t016038 2022 08 00
t016039 2022 08 00
t016040 2022 08 00
t016041 2022 08 00
t016043 2022 08 00
t016045 2022 08 00
t016047 2022 08 00
t016050 2022 08 00
t016054 2022 08 00
t016055 2022 08 00
t016056 2022 08 00
t016058 2022 08 00
t016061 2022 09 00
t016062 2022 09 00
t016063 2022 09 00
t016065 2022 09 00
t016066 2022 09 00
t016070 2022 09 00
t016072 2022 09 00
t016074 2022 09 00
t016077 2022 09 00
t016078 2022 09 00
t016079 2022 09 00
t016081 2022 09 00
t016082 2022 09 00
t016083 2022 09 00
t016084 2022 09 00
t016085 2022 09 00
t016086 2022 09 00
t016088 2022 09 00
t016089 2022 09 00
t016090 2022 09 00
t016091 2022 09 00
t016093 2022 09 00
t016094 2022 09 00
t016096 2022 09 00
t016098 2022 09 00
t016101 2022 09 00
t016102 2022 09 00
t016103 2022 09 00
t016104 2022 09 00
t016106 2022 09 00
t016107 2022 09 00
t016109 2022 09 00
t016110 2022 09 00
t016115 2022 09 00
t016118 2022 09 00
t016119 2022 09 00
t016122 2022 09 00
t016123 2022 09 00
t016125 2022 09 00
t016130 2022 09 00
t016131 2022 09 00
t016132 2022 09 00
t016135 2022 09 00
t016136 2022 09 00
t016137 2022 09 00
t016138 2022 09 00
t016139 2022 09 00
t016142 2022 09 00
t016144 2022 09 00
t016145 2022 09 00
t016148 2022 09 00
t016149 2022 09 00
t016150 2022 09 00
t016151 2022 09 00
t016152 2022 09 00
t016153 2022 09 00
t016154 2022 09 00
t016155 2022 09 00
t016156 2022 09 00
t016157 2022 09 00
t016158 2022 09 00
t016159 2022 09 00
t016160 2022 09 00
t016161 2022 09 00
t016162 2022 09 00
t016163 2022 09 00
t016164 2022 09 00
t016165 2022 09 00
t016168 2022 09 00
t016169 2022 09 00
t016171 2022 09 00
t016175 2022 09 00
t016179 2022 09 00
t016182 2022 09 00
t016183 2022 09 00
t016185 2022 09 00
t016186 2022 09 00
t016189 2022 09 00
t016190 2022 09 00
t016191 2022 09 00
t016193 2022 09 00
t016195 2022 09 00
t016196 2022 09 00
t016197 2022 09 00
t016198 2022 09 00
t016199 2022 09 00
t016201 2022 09 00
t016202 2022 09 00
t016203 2022 09 00
t016204 2022 09 00
t016207 2022 09 00
t016208 2022 09 00
t016211 2022 09 00
t016212 2022 09 00
t016214 2022 09 00
t016219 2022 09 00
t016220 2022 09 00
t016222 2022 09 00
t016223 2022 09 00
t016224 2022 09 00
t016226 2022 09 00
t016227 2022 09 00
t016228 2022 09 00
t016230 2022 09 00
t016231 2022 09 00
t016233 2022 09 00
t016234 2022 09 00
t016235 2022 09 00
t016236 2022 09 00
t016237 2022 10 00
t016238 2022 10 00
t016239 2022 10 00
t016240 2022 10 00
t016241 2022 10 00
t016243 2022 10 00
t016247 2022 10 00
t016250 2022 10 00
t016251 2022 10 00
t016252 2022 10 00
t016253 2022 10 00
t016254 2022 10 00
t016255 2022 10 00
t016256 2022 10 00
t016257 2022 10 00
t016258 2022 10 00
t016261 2022 10 00
t016262 2022 10 00
t016263 2022 10 00
t016266 2022 10 00
t016270 2022 10 00
t016271 2022 10 00
t016276 2022 10 00
t016278 2022 10 00
t016282 2022 10 00
t016283 2022 10 00
t016284 2022 10 00
t016285 2022 10 00
t016286 2022 10 00
t016288 2022 10 00
t016289 2022 10 00
t016292 2022 10 00
t016293 2022 10 00
t016294 2022 10 00
t016295 2022 10 00
t016296 2022 10 00
t016300 2022 10 00
t016301 2022 10 00
t016303 2022 10 00
t016305 2022 10 00
t016306 2022 10 00
t016309 2022 10 00
t016310 2022 10 00
t016312 2022 10 00
t016313 2022 10 00
t016315 2022 10 00
t016317 2022 10 00
t016318 2022 10 00
t016319 2022 10 00
t016320 2022 10 00
t016328 2022 10 00
t016329 2022 10 00
t016330 2022 10 00
t016331 2022 10 00
t016332 2022 10 00
t016333 2022 10 00
t016334 2022 10 00
t016335 2022 10 00
t016336 2022 10 00
t016337 2022 10 00
t016339 2022 10 00
t016340 2022 10 00
t016341 2022 10 00
t016342 2022 10 00
t016343 2022 10 00
t016344 2022 10 00
t016345 2022 10 00
t016346 2022 10 00
t016348 2022 10 00
t016349 2022 10 00
t016353 2022 10 00
t016354 2022 10 00
t016355 2022 10 00
t016357 2022 10 00
t016358 2022 10 00
t016359 2022 10 00
t016360 2022 10 00
t016362 2022 10 00
t016363 2022 10 00
t016364 2022 10 00
t016366 2022 10 00
t016367 2022 10 00
t016368 2022 10 00
t016370 2022 10 00
t016371 2022 10 00
t016372 2022 10 00
t016373 2022 10 00
t016374 2022 10 00
t016375 2022 10 00
t016376 2022 10 00
t016377 2022 10 00
t016379 2022 10 00
t016380 2022 10 00
t016382 2022 10 00
t016384 2022 10 00
t016385 2022 10 00
t016386 2022 10 00
t016387 2022 10 00
t016389 2022 10 00
t016390 2022 10 00
t016392 2022 10 00
t016393 2022 10 00
t016395 2022 10 00
t016396 2022 10 00
t016398 2022 10 00
t016400 2022 10 00
t016401 2022 10 00
t016402 2022 10 00
t016403 2022 10 00
t016404 2022 10 00
t016405 2022 10 00
t016408 2022 10 00
t016409 2022 10 00
t016412 2022 10 00
t016413 2022 10 00
t016415 2022 10 00
t016416 2022 10 00
t016417 2022 10 00
t016419 2022 10 00
t016420 2022 10 00
t016422 2022 10 00
t016426 2022 10 00
t016427 2022 10 00
t016428 2022 10 00
t016430 2022 10 00
t016431 2022 10 00
t016432 2022 10 00
t016433 2022 10 00
t016434 2022 10 00
t016437 2022 10 00
t016438 2022 10 00
t016440 2022 10 00
t016441 2022 10 00
t016442 2022 10 00
t016444 2022 10 00
t016445 2022 10 00
t016446 2022 10 00
t016450 2022 10 00
t016452 2022 10 00
t016453 2022 10 00
t016456 2022 10 00
t016457 2022 10 00
t016458 2022 10 00
t016459 2022 10 00
t016460 2022 10 00
t016463 2022 10 00
t016464 2022 10 00
t016465 2022 10 00
t016467 2022 10 00
t016470 2022 10 00
t016472 2022 10 00
t016473 2022 10 00
t016474 2022 10 00
t016475 2022 10 00
t016477 2022 10 00
t016478 2022 10 00
t016479 2022 10 00
t016480 2022 10 00
t016481 2022 10 00
t016482 2022 10 00
t016483 2022 10 00
t016484 2022 10 00
t016485 2022 10 00
t016490 2022 10 00
t016491 2022 10 00
t016492 2022 10 00
t016493 2022 10 00
t016495 2022 11 00
t016498 2022 11 00
t016501 2022 11 00
t016504 2022 11 00
t016507 2022 11 00
t016511 2022 11 00
t016513 2022 11 00
t016516 2022 11 00
t016519 2022 11 00
t016520 2022 11 00
t016522 2022 11 00
t016523 2022 11 00
t016524 2022 11 00
t016525 2022 11 00
t016526 2022 11 00
t016527 2022 11 00
t016528 2022 11 00
t016530 2022 11 00
t016533 2022 11 00
t016534 2022 11 00
t016535 2022 11 00
t016537 2022 11 00
t016538 2022 11 00
t016539 2022 11 00
t016540 2022 11 00
t016541 2022 11 00
t016542 2022 11 00
t016543 2022 11 00
t016545 2022 11 00
t016547 2022 11 00
t016549 2022 11 00
t016550 2022 11 00
t016552 2022 11 00
t016553 2022 11 00
t016554 2022 11 00
t016555 2022 11 00
t016556 2022 11 00
t016558 2022 11 00
t016559 2022 11 00
t016562 2022 11 00
t016563 2022 11 00
t016564 2022 11 00
t016565 2022 11 00
t016566 2022 11 00
t016569 2022 11 00
t016571 2022 11 00
t016572 2022 11 00
t016573 2022 11 00
t016574 2022 11 00
t016575 2022 11 00
t016576 2022 11 00
t016577 2022 11 00
t016578 2022 11 00
t016579 2022 11 00
t016580 2022 11 00
t016581 2022 11 00
t016582 2022 11 00
t016584 2022 11 00
t016585 2022 11 00
t016586 2022 11 00
t016588 2022 11 00
t016590 2022 11 00
t016591 2022 11 00
t016592 2022 11 00
t016593 2022 11 00
t016594 2022 11 00
t016597 2022 11 00
t016598 2022 11 00
t016599 2022 11 00
t016600 2022 11 00
t016601 2022 11 00
t016602 2022 11 00
t016603 2022 11 00
t016604 2022 11 00
t016605 2022 11 00
t016606 2022 11 00
t016607 2022 11 00
t016609 2022 11 00
t016615 2022 11 00
t016617 2022 11 00
t016622 2022 11 00
t016623 2022 11 00
t016624 2022 11 00
t016625 2022 11 00
t016626 2022 11 00
t016628 2022 11 00
t016629 2022 11 00
t016630 2022 11 00
t016631 2022 11 00
t016633 2022 11 00
t016634 2022 11 00
t016637 2022 11 00
t016638 2022 11 00
t016639 2022 11 00
t016640 2022 11 00
t016641 2022 11 00
t016645 2022 11 00
t016647 2022 11 00
t016648 2022 11 00
t016650 2022 11 00
t016651 2022 11 00
t016652 2022 11 00
t016653 2022 11 00
t016654 2022 11 00
t016656 2022 11 00
t016657 2022 11 00
t016658 2022 11 00
t016659 2022 11 00
t016660 2022 11 00
t016662 2022 11 00
t016664 2022 11 00
t016666 2022 11 00
t016667 2022 11 00
t016669 2022 11 00
t016671 2022 11 00
t016672 2022 11 00
t016673 2022 11 00
t016674 2022 11 00
t016675 2022 11 00
t016677 2022 11 00
t016678 2022 11 00
t016680 2022 11 00
t016681 2022 11 00
t016683 2022 11 00
t016684 2022 11 00
t016685 2022 11 00
t016686 2022 11 00
t016687 2022 11 00
t016688 2022 11 00
t016689 2022 11 00
t016690 2022 11 00
t016691 2022 11 00
t016692 2022 11 00
t016693 2022 11 00
t016694 2022 11 00
t016695 2022 11 00
t016696 2022 11 00
t016698 2022 11 00
t016699 2022 11 00
t016700 2022 11 00
t016701 2022 11 00
t016702 2022 11 00
t016705 2022 11 00
t016706 2022 11 00
t016707 2022 11 00
t016708 2022 11 00
t016710 2022 11 00
t016711 2022 11 00
t016712 2022 11 00
t016713 2022 11 00
t016714 2022 11 00
t016715 2022 11 00
t016716 2022 11 00
t016717 2022 11 00
t016719 2022 11 00
t016720 2022 11 00
t016721 2022 11 00
t016722 2022 11 00
t016723 2022 11 00
t016725 2022 11 00
t016726 2022 11 00
t016727 2022 11 00
t016728 2022 11 00
t016729 2022 11 00
t016730 2022 11 00
t016731 2022 11 00
t016732 2022 11 00
t016733 2022 11 00
t016734 2022 11 00
t016735 2022 11 00
t016736 2022 11 00
t016737 2022 11 00
t016738 2022 11 00
t016739 2022 11 00
t016740 2022 11 00
t016741 2022 11 00
t016742 2022 11 00
t016743 2022 11 00
t016744 2022 11 00
t016746 2022 11 00
t016747 2022 11 00
t016748 2022 11 00
t016749 2022 11 00
t016750 2022 11 00
t016751 2022 11 00
t016752 2022 11 00
t016753 2022 11 00
t016754 2022 11 00
t016755 2022 11 00
t016756 2022 11 00
t016758 2022 11 00
t016759 2022 11 00
t016760 2022 11 00
t016761 2022 11 00
t016763 2022 11 00
t016764 2022 11 00
t016765 2022 11 00
t016766 2022 11 00
t016767 2022 11 00
t016768 2022 11 00
t016769 2022 11 00
t016770 2022 11 00
t016771 2022 11 00
t016773 2022 11 00
t016774 2022 11 00
t016775 2022 11 00
t016777 2022 11 00
t016780 2022 11 00
t016781 2022 11 00
t016782 2022 11 00
t016783 2022 11 00
t016784 2022 11 00
t016785 2022 11 00
t016786 2022 11 00
t016787 2022 11 00
t016790 2022 11 00
t016791 2022 11 00
t016794 2022 11 00
t016795 2022 11 00
t016798 2022 11 00
t016799 2022 11 00
t016800 2022 11 00
t016805 2022 11 00
t016806 2022 11 00
t016807 2022 11 00
t016808 2022 11 00
t016809 2022 11 00
t016810 2022 11 00
t016811 2022 11 00
t016812 2022 11 00
t016813 2022 11 00
t016814 2022 11 00
t016816 2022 11 00
t016817 2022 11 00
t016818 2022 11 00
t016819 2022 11 00
t016820 2022 11 00
t016821 2022 11 00
t016822 2022 11 00
t016829 2022 11 00
t016830 2022 11 00
t016831 2022 11 00
t016832 2022 11 00
t016836 2022 11 00
t016837 2022 11 00
t016839 2022 11 00
t016840 2022 11 00
t016841 2022 11 00
